201401070000 114 127.94660187 37.33755875 7620 7620 7620 0.0
201401070001 114 127.94660187 37.33755875 7620 7620 7620 0.0
201401070002 114 127.94660187 37.33755875 7620 7620 7620 0.0
201401070003 114 127.94660187 37.33755875 7620 7620 7620 0.0
201401070004 114 127.94660187 37.33755875 7620 7620 7620 0.0
201401070005 114 127.94660187 37.33755875 7620 7620 7620 0.0
201401070006 114 127.94660187 37.33755875 7620 7620 7620 0.0
201401070007 114 127.94660187 37.33755875 7620 7620 7620 0.0
201401070008 114 127.94660187 37.33755875 7620 7620 7620 0.0
201401070009 114 127.94660187 37.33755875 7620 7620 7620 0.0
201401070010 114 127.94660187 37.33755875 7620 7620 7620 0.0
201401070011 114 127.94660187 37.33755875 7620 7620 7620 0.0
201401070012 114 127.94660187 37.33755875 7620 7620 7620 0.0
201401070013 114 127.94660187 37.33755875 7620 7620 7620 0.0
201401070014 114 127.94660187 37.33755875 7620 7620 7620 0.0
201401070015 114 127.94660187 37.33755875 7620 7620 7620 0.0
201401070016 114 127.94660187 37.33755875 7620 7620 7620 0.0
201401070017 114 127.94660187 37.33755875 7620 7620 7620 0.0
201401070018 114 127.94660187 37.33755875 7620 7620 7620 0.0
201401070019 114 127.94660187 37.33755875 7620 7620 7620 0.0
201401070020 114 127.94660187 37.33755875 7620 7620 7620 0.0
201401070021 114 127.94660187 37.33755875 7620 7620 7620 0.0
201401070022 114 127.94660187 37.33755875 7620 7620 7620 0.0
201401070023 114 127.94660187 37.33755875 7620 7620 7620 0.0
201401070024 114 127.94660187 37.33755875 7620 7620 7620 0.0
201401070025 114 127.94660187 37.33755875 7620 7620 7620 0.0
201401070026 114 127.94660187 37.33755875 7620 7620 7620 0.0
201401070027 114 127.94660187 37.33755875 7620 7620 7620 0.0
201401070028 114 127.94660187 37.33755875 7620 7620 7620 0.0
201401070029 114 127.94660187 37.33755875 7620 7620 7620 0.0
201401070030 114 127.94660187 37.33755875 7620 7620 7620 0.0
201401070031 114 127.94660187 37.33755875 7620 7620 7620 0.0
201401070032 114 127.94660187 37.33755875 7620 7620 7620 0.0
201401070033 114 127.94660187 37.33755875 7620 7620 7620 0.0
201401070034 114 127.94660187 37.33755875 7620 7620 7620 0.0
201401070035 114 127.94660187 37.33755875 7620 7620 7620 0.0
201401070036 114 127.94660187 37.33755875 7620 7620 7620 0.0
201401070037 114 127.94660187 37.33755875 7620 7620 7620 0.0
201401070038 114 127.94660187 37.33755875 7620 7620 7620 0.0
201401070039 114 127.94660187 37.33755875 7620 7620 7620 0.0
201401070040 114 127.94660187 37.33755875 7620 7620 7620 0.0
201401070041 114 127.94660187 37.33755875 7620 7620 7620 0.0
201401070042 114 127.94660187 37.33755875 7620 7620 7620 0.0
201401070043 114 127.94660187 37.33755875 7620 7620 7620 0.0
201401070044 114 127.94660187 37.33755875 7620 7620 7620 0.0
201401070045 114 127.94660187 37.33755875 7620 7620 7620 0.0
201401070046 114 127.94660187 37.33755875 7620 7620 7620 0.0
201401070047 114 127.94660187 37.33755875 7620 7620 7620 0.0
201401070048 114 127.94660187 37.33755875 7620 7620 7620 0.0
201401070049 114 127.94660187 37.33755875 7620 7620 7620 0.0
201401070050 114 127.94660187 37.33755875 7620 7620 7620 0.0
201401070051 114 127.94660187 37.33755875 7620 7620 7620 0.0
201401070052 114 127.94660187 37.33755875 7620 7620 7620 0.0
201401070053 114 127.94660187 37.33755875 7620 7620 7620 0.0
201401070054 114 127.94660187 37.33755875 7620 7620 7620 0.0
201401070055 114 127.94660187 37.33755875 7620 7620 7620 0.0
201401070056 114 127.94660187 37.33755875 7620 7620 7620 0.0
201401070057 114 127.94660187 37.33755875 7620 7620 7620 0.0
201401070058 114 127.94660187 37.33755875 7620 7620 7620 0.0
201401070059 114 127.94660187 37.33755875 7620 7620 7620 0.0
201401070100 114 127.94660187 37.33755875 7620 7620 7620 0.0
201401070101 114 127.94660187 37.33755875 7620 7620 7620 0.0
201401070102 114 127.94660187 37.33755875 7620 7620 7620 0.0
201401070103 114 127.94660187 37.33755875 7620 7620 7620 0.0
201401070104 114 127.94660187 37.33755875 7620 7620 7620 0.0
201401070105 114 127.94660187 37.33755875 7620 7620 7620 0.0
201401070106 114 127.94660187 37.33755875 7620 7620 7620 0.0
201401070107 114 127.94660187 37.33755875 7620 7620 7620 0.0
201401070108 114 127.94660187 37.33755875 7620 7620 7620 0.0
201401070109 114 127.94660187 37.33755875 7620 7620 7620 0.0
201401070110 114 127.94660187 37.33755875 7620 7620 7620 0.0
201401070111 114 127.94660187 37.33755875 7620 7620 7620 0.0
201401070112 114 127.94660187 37.33755875 7620 7620 7620 0.0
201401070113 114 127.94660187 37.33755875 7620 7620 7620 0.0
201401070114 114 127.94660187 37.33755875 7620 7620 7620 0.0
201401070115 114 127.94660187 37.33755875 7620 7620 7620 0.0
201401070116 114 127.94660187 37.33755875 7620 7620 7620 0.0
201401070117 114 127.94660187 37.33755875 7620 7620 7620 0.0
201401070118 114 127.94660187 37.33755875 7620 7620 7620 0.0
201401070119 114 127.94660187 37.33755875 7620 7620 7620 0.0
201401070120 114 127.94660187 37.33755875 7620 7620 7620 0.0
201401070121 114 127.94660187 37.33755875 7620 7620 7620 0.0
201401070122 114 127.94660187 37.33755875 7620 7620 7620 0.0
201401070123 114 127.94660187 37.33755875 7620 7620 7620 0.0
201401070124 114 127.94660187 37.33755875 7620 7620 7620 0.0
201401070125 114 127.94660187 37.33755875 7620 7620 7620 0.0
201401070126 114 127.94660187 37.33755875 7620 7620 7620 0.0
201401070127 114 127.94660187 37.33755875 7620 7620 7620 0.0
201401070128 114 127.94660187 37.33755875 7620 7620 7620 0.0
201401070129 114 127.94660187 37.33755875 7620 7620 7620 0.0
201401070130 114 127.94660187 37.33755875 7620 7620 7620 0.0
201401070131 114 127.94660187 37.33755875 7620 7620 7620 0.0
201401070132 114 127.94660187 37.33755875 7620 7620 7620 0.0
201401070133 114 127.94660187 37.33755875 7620 7620 7620 0.0
201401070134 114 127.94660187 37.33755875 7620 7620 7620 0.0
201401070135 114 127.94660187 37.33755875 7620 7620 7620 0.0
201401070136 114 127.94660187 37.33755875 7620 7620 7620 0.0
201401070137 114 127.94660187 37.33755875 7620 7620 7620 0.0
201401070138 114 127.94660187 37.33755875 7620 7620 7620 0.0
201401070139 114 127.94660187 37.33755875 7620 7620 7620 0.0
201401070140 114 127.94660187 37.33755875 7620 7620 7620 0.0
201401070141 114 127.94660187 37.33755875 7620 7620 7620 0.0
201401070142 114 127.94660187 37.33755875 7620 7620 7620 0.0
201401070143 114 127.94660187 37.33755875 7620 7620 7620 0.0
201401070144 114 127.94660187 37.33755875 7620 7620 7620 0.0
201401070145 114 127.94660187 37.33755875 7620 7620 7620 0.0
201401070146 114 127.94660187 37.33755875 7620 7620 7620 0.0
201401070147 114 127.94660187 37.33755875 7620 7620 7620 0.0
201401070148 114 127.94660187 37.33755875 7620 7620 7620 0.0
201401070149 114 127.94660187 37.33755875 7620 7620 7620 0.0
201401070150 114 127.94660187 37.33755875 7620 7620 7620 0.0
201401070151 114 127.94660187 37.33755875 7620 7620 7620 0.0
201401070152 114 127.94660187 37.33755875 7620 7620 7620 0.0
201401070153 114 127.94660187 37.33755875 7620 7620 7620 0.0
201401070154 114 127.94660187 37.33755875 7620 7620 7620 0.0
201401070155 114 127.94660187 37.33755875 7620 7620 7620 0.0
201401070156 114 127.94660187 37.33755875 7620 7620 7620 0.0
201401070157 114 127.94660187 37.33755875 7620 7620 7620 0.0
201401070158 114 127.94660187 37.33755875 7620 7620 7620 0.0
201401070159 114 127.94660187 37.33755875 7620 7620 7620 0.0
201401070200 114 127.94660187 37.33755875 7620 7620 7620 0.0
201401070201 114 127.94660187 37.33755875 7620 7620 7620 0.0
201401070202 114 127.94660187 37.33755875 7620 7620 7620 0.0
201401070203 114 127.94660187 37.33755875 7620 7620 7620 0.0
201401070204 114 127.94660187 37.33755875 7620 7620 7620 0.0
201401070205 114 127.94660187 37.33755875 7620 7620 7620 0.0
201401070206 114 127.94660187 37.33755875 7620 7620 7620 0.0
201401070207 114 127.94660187 37.33755875 7620 7620 7620 0.0
201401070208 114 127.94660187 37.33755875 7620 7620 7620 0.0
201401070209 114 127.94660187 37.33755875 7620 7620 7620 0.0
 
201401070211 114 127.94660187 37.33755875 7620 7620 7620 0.0
201401070212 114 127.94660187 37.33755875 7620 7620 7620 0.0
201401070213 114 127.94660187 37.33755875 7620 7620 7620 0.0
201401070214 114 127.94660187 37.33755875 7620 7620 7620 0.0
201401070215 114 127.94660187 37.33755875 7620 7620 7620 0.0
201401070216 114 127.94660187 37.33755875 7620 7620 7620 0.0
201401070217 114 127.94660187 37.33755875 7620 7620 7620 0.0
201401070218 114 127.94660187 37.33755875 7620 7620 7620 0.0
201401070219 114 127.94660187 37.33755875 7620 7620 7620 0.0
201401070220 114 127.94660187 37.33755875 7620 7620 7620 0.0
201401070221 114 127.94660187 37.33755875 7620 7620 7620 0.0
201401070222 114 127.94660187 37.33755875 7620 7620 7620 0.0
201401070223 114 127.94660187 37.33755875 7620 7620 7620 0.0
201401070224 114 127.94660187 37.33755875 7620 7620 7620 0.0
201401070225 114 127.94660187 37.33755875 7620 7620 7620 0.0
201401070226 114 127.94660187 37.33755875 7620 7620 7620 0.0
201401070227 114 127.94660187 37.33755875 7620 7620 7620 0.0
201401070228 114 127.94660187 37.33755875 7620 7620 7620 0.0
201401070229 114 127.94660187 37.33755875 7620 7620 7620 0.0
201401070230 114 127.94660187 37.33755875 7620 7620 7620 0.0
201401070231 114 127.94660187 37.33755875 7620 7620 7620 0.0
201401070232 114 127.94660187 37.33755875 7620 7620 7620 0.0
201401070233 114 127.94660187 37.33755875 7620 7620 7620 0.0
201401070234 114 127.94660187 37.33755875 7620 7620 7620 0.0
201401070235 114 127.94660187 37.33755875 7620 7620 7620 0.0
201401070236 114 127.94660187 37.33755875 7620 7620 7620 0.0
201401070237 114 127.94660187 37.33755875 7620 7620 7620 0.0
201401070238 114 127.94660187 37.33755875 7620 7620 7620 0.0
201401070239 114 127.94660187 37.33755875 7620 7620 7620 0.0
201401070240 114 127.94660187 37.33755875 7620 7620 7620 0.0
201401070241 114 127.94660187 37.33755875 7620 7620 7620 0.0
201401070242 114 127.94660187 37.33755875 7620 7620 7620 0.0
201401070243 114 127.94660187 37.33755875 7620 7620 7620 0.0
201401070244 114 127.94660187 37.33755875 7620 7620 7620 0.0
201401070245 114 127.94660187 37.33755875 7620 7620 7620 0.0
201401070246 114 127.94660187 37.33755875 7620 7620 7620 0.0
201401070247 114 127.94660187 37.33755875 7620 7620 7620 0.0
201401070248 114 127.94660187 37.33755875 7620 7620 7620 0.0
201401070249 114 127.94660187 37.33755875 7620 7620 7620 0.0
201401070250 114 127.94660187 37.33755875 7620 7620 7620 0.0
201401070251 114 127.94660187 37.33755875 7620 7620 7620 0.0
201401070252 114 127.94660187 37.33755875 7620 7620 7620 0.0
201401070253 114 127.94660187 37.33755875 7620 7620 7620 0.0
201401070254 114 127.94660187 37.33755875 7620 7620 7620 0.0
201401070255 114 127.94660187 37.33755875 7620 7620 7620 0.0
201401070256 114 127.94660187 37.33755875 7620 7620 7620 0.0
201401070257 114 127.94660187 37.33755875 7620 7620 7620 0.0
201401070258 114 127.94660187 37.33755875 7620 7620 7620 0.0
201401070259 114 127.94660187 37.33755875 7620 7620 7620 0.0
201401070300 114 127.94660187 37.33755875 7620 7620 7620 0.0
201401070301 114 127.94660187 37.33755875 7620 7620 7620 0.0
201401070302 114 127.94660187 37.33755875 7620 7620 7620 0.0
201401070303 114 127.94660187 37.33755875 7620 7620 7620 0.0
201401070304 114 127.94660187 37.33755875 1389 7620 7620 0.0
201401070305 114 127.94660187 37.33755875 7620 7620 7620 0.0
201401070306 114 127.94660187 37.33755875 1371 7620 7620 0.0
201401070307 114 127.94660187 37.33755875 1371 7620 7620 0.0
201401070308 114 127.94660187 37.33755875 1362 7620 7620 0.0
201401070309 114 127.94660187 37.33755875 1371 7620 7620 1.0
201401070310 114 127.94660187 37.33755875 1353 7620 7620 1.0
201401070311 114 127.94660187 37.33755875 1353 7620 7620 1.0
201401070312 114 127.94660187 37.33755875 1335 7620 7620 1.0
201401070313 114 127.94660187 37.33755875 7620 7620 7620 1.0
201401070314 114 127.94660187 37.33755875 7620 7620 7620 3.0
201401070315 114 127.94660187 37.33755875 7620 7620 7620 3.0
201401070316 114 127.94660187 37.33755875 7620 7620 7620 3.0
201401070317 114 127.94660187 37.33755875 7620 7620 7620 3.0
201401070318 114 127.94660187 37.33755875 7620 7620 7620 3.0
201401070319 114 127.94660187 37.33755875 7620 7620 7620 2.0
201401070320 114 127.94660187 37.33755875 7620 7620 7620 2.0
201401070321 114 127.94660187 37.33755875 7620 7620 7620 2.0
201401070322 114 127.94660187 37.33755875 1362 7620 7620 2.0
201401070323 114 127.94660187 37.33755875 1353 7620 7620 2.0
201401070324 114 127.94660187 37.33755875 7620 7620 7620 2.0
201401070325 114 127.94660187 37.33755875 7620 7620 7620 2.0
201401070326 114 127.94660187 37.33755875 7620 7620 7620 2.0
201401070327 114 127.94660187 37.33755875 7620 7620 7620 2.0
201401070328 114 127.94660187 37.33755875 7620 7620 7620 2.0
201401070329 114 127.94660187 37.33755875 7620 7620 7620 2.0
201401070330 114 127.94660187 37.33755875 1335 7620 7620 2.0
201401070331 114 127.94660187 37.33755875 7620 7620 7620 2.0
201401070332 114 127.94660187 37.33755875 7620 7620 7620 2.0
201401070333 114 127.94660187 37.33755875 7620 7620 7620 2.0
201401070334 114 127.94660187 37.33755875 7620 7620 7620 2.0
201401070335 114 127.94660187 37.33755875 7620 7620 7620 2.0
201401070336 114 127.94660187 37.33755875 1335 7620 7620 2.0
201401070337 114 127.94660187 37.33755875 1335 7620 7620 2.0
201401070338 114 127.94660187 37.33755875 1335 7620 7620 2.0
201401070339 114 127.94660187 37.33755875 1316 7620 7620 3.0
201401070340 114 127.94660187 37.33755875 1335 7620 7620 3.0
201401070341 114 127.94660187 37.33755875 7620 7620 7620 3.0
201401070342 114 127.94660187 37.33755875 7620 7620 7620 3.0
201401070343 114 127.94660187 37.33755875 1353 7620 7620 3.0
201401070344 114 127.94660187 37.33755875 1353 7620 7620 3.0
201401070345 114 127.94660187 37.33755875 1353 7620 7620 3.0
201401070346 114 127.94660187 37.33755875 1353 7620 7620 3.0
201401070347 114 127.94660187 37.33755875 1362 7620 7620 3.0
201401070348 114 127.94660187 37.33755875 1362 7620 7620 3.0
201401070349 114 127.94660187 37.33755875 1353 7620 7620 4.0
201401070350 114 127.94660187 37.33755875 1362 7620 7620 4.0
201401070351 114 127.94660187 37.33755875 1362 7620 7620 4.0
201401070352 114 127.94660187 37.33755875 1362 7620 7620 4.0
201401070353 114 127.94660187 37.33755875 1371 7620 7620 4.0
201401070354 114 127.94660187 37.33755875 1362 7620 7620 6.0
201401070355 114 127.94660187 37.33755875 1362 7620 7620 6.0
201401070356 114 127.94660187 37.33755875 1362 7620 7620 6.0
201401070357 114 127.94660187 37.33755875 1362 7620 7620 6.0
201401070358 114 127.94660187 37.33755875 1353 7620 7620 6.0
201401070359 114 127.94660187 37.33755875 1362 7620 7620 7.0
201401070400 114 127.94660187 37.33755875 1371 7620 7620 7.0
201401070401 114 127.94660187 37.33755875 1371 7620 7620 7.0
201401070402 114 127.94660187 37.33755875 1362 7620 7620 7.0
201401070403 114 127.94660187 37.33755875 1371 7620 7620 7.0
201401070404 114 127.94660187 37.33755875 1371 7620 7620 7.0
201401070405 114 127.94660187 37.33755875 1362 7620 7620 7.0
201401070406 114 127.94660187 37.33755875 7620 7620 7620 7.0
201401070407 114 127.94660187 37.33755875 7620 7620 7620 7.0
201401070408 114 127.94660187 37.33755875 1353 7620 7620 7.0
201401070409 114 127.94660187 37.33755875 6629 7620 7620 7.0
201401070410 114 127.94660187 37.33755875 6830 7620 7620 7.0
201401070411 114 127.94660187 37.33755875 6830 7620 7620 7.0
201401070412 114 127.94660187 37.33755875 6803 7620 7620 7.0
201401070413 114 127.94660187 37.33755875 6848 7620 7620 7.0
201401070414 114 127.94660187 37.33755875 6839 7620 7620 5.0
201401070415 114 127.94660187 37.33755875 6848 7620 7620 5.0
201401070416 114 127.94660187 37.33755875 6803 7620 7620 5.0
201401070417 114 127.94660187 37.33755875 6803 7620 7620 5.0
201401070418 114 127.94660187 37.33755875 7620 7620 7620 5.0
201401070419 114 127.94660187 37.33755875 7620 7620 7620 4.0
201401070420 114 127.94660187 37.33755875 7620 7620 7620 4.0
201401070421 114 127.94660187 37.33755875 7620 7620 7620 4.0
201401070422 114 127.94660187 37.33755875 7620 7620 7620 4.0
201401070423 114 127.94660187 37.33755875 7620 7620 7620 4.0
201401070424 114 127.94660187 37.33755875 7620 7620 7620 3.0
201401070425 114 127.94660187 37.33755875 7620 7620 7620 3.0
201401070426 114 127.94660187 37.33755875 7620 7620 7620 3.0
201401070427 114 127.94660187 37.33755875 7620 7620 7620 3.0
201401070428 114 127.94660187 37.33755875 7620 7620 7620 3.0
201401070429 114 127.94660187 37.33755875 7620 7620 7620 2.0
201401070430 114 127.94660187 37.33755875 7620 7620 7620 2.0
201401070431 114 127.94660187 37.33755875 7620 7620 7620 2.0
201401070432 114 127.94660187 37.33755875 7620 7620 7620 2.0
201401070433 114 127.94660187 37.33755875 7620 7620 7620 2.0
201401070434 114 127.94660187 37.33755875 7620 7620 7620 1.0
201401070435 114 127.94660187 37.33755875 7620 7620 7620 1.0
201401070436 114 127.94660187 37.33755875 7620 7620 7620 1.0
201401070437 114 127.94660187 37.33755875 7620 7620 7620 1.0
201401070438 114 127.94660187 37.33755875 7620 7620 7620 1.0
201401070439 114 127.94660187 37.33755875 7620 7620 7620 2.0
201401070440 114 127.94660187 37.33755875 7620 7620 7620 2.0
201401070441 114 127.94660187 37.33755875 7620 7620 7620 2.0
201401070442 114 127.94660187 37.33755875 7620 7620 7620 2.0
201401070443 114 127.94660187 37.33755875 7620 7620 7620 2.0
201401070444 114 127.94660187 37.33755875 7620 7620 7620 1.0
201401070445 114 127.94660187 37.33755875 7620 7620 7620 1.0
201401070446 114 127.94660187 37.33755875 7620 7620 7620 1.0
201401070447 114 127.94660187 37.33755875 7620 7620 7620 1.0
201401070448 114 127.94660187 37.33755875 7620 7620 7620 1.0
201401070449 114 127.94660187 37.33755875 7620 7620 7620 0.0
201401070450 114 127.94660187 37.33755875 7620 7620 7620 0.0
201401070451 114 127.94660187 37.33755875 7620 7620 7620 0.0
201401070452 114 127.94660187 37.33755875 7620 7620 7620 0.0
201401070453 114 127.94660187 37.33755875 1417 7620 7620 0.0
201401070454 114 127.94660187 37.33755875 1389 7620 7620 1.0
201401070455 114 127.94660187 37.33755875 1399 7620 7620 1.0
201401070456 114 127.94660187 37.33755875 1399 7620 7620 1.0
201401070457 114 127.94660187 37.33755875 1408 7620 7620 1.0
201401070458 114 127.94660187 37.33755875 1399 7620 7620 1.0
201401070459 114 127.94660187 37.33755875 1408 7620 7620 2.0
201401070500 114 127.94660187 37.33755875 1399 7620 7620 2.0
201401070501 114 127.94660187 37.33755875 1408 7620 7620 2.0
201401070502 114 127.94660187 37.33755875 1399 7620 7620 2.0
201401070503 114 127.94660187 37.33755875 1408 7620 7620 2.0
201401070504 114 127.94660187 37.33755875 1399 7620 7620 4.0
201401070505 114 127.94660187 37.33755875 1417 7620 7620 4.0
201401070506 114 127.94660187 37.33755875 1417 7620 7620 4.0
201401070507 114 127.94660187 37.33755875 1417 7620 7620 4.0
201401070508 114 127.94660187 37.33755875 1417 7620 7620 4.0
201401070509 114 127.94660187 37.33755875 1426 7620 7620 5.0
201401070510 114 127.94660187 37.33755875 1426 7620 7620 5.0
201401070511 114 127.94660187 37.33755875 1399 7620 7620 5.0
201401070512 114 127.94660187 37.33755875 1426 7620 7620 5.0
201401070513 114 127.94660187 37.33755875 1426 7620 7620 5.0
201401070514 114 127.94660187 37.33755875 1426 7620 7620 6.0
201401070515 114 127.94660187 37.33755875 1435 7620 7620 6.0
201401070516 114 127.94660187 37.33755875 1426 7620 7620 6.0
201401070517 114 127.94660187 37.33755875 1399 7620 7620 6.0
201401070518 114 127.94660187 37.33755875 1389 7620 7620 6.0
201401070519 114 127.94660187 37.33755875 1399 7620 7620 7.0
201401070520 114 127.94660187 37.33755875 1435 7620 7620 7.0
201401070521 114 127.94660187 37.33755875 1417 7620 7620 7.0
201401070522 114 127.94660187 37.33755875 1417 7620 7620 7.0
201401070523 114 127.94660187 37.33755875 1389 7620 7620 7.0
201401070524 114 127.94660187 37.33755875 1389 7620 7620 7.0
201401070525 114 127.94660187 37.33755875 1389 7620 7620 7.0
201401070526 114 127.94660187 37.33755875 1408 7620 7620 7.0
201401070527 114 127.94660187 37.33755875 1408 7620 7620 7.0
201401070528 114 127.94660187 37.33755875 1399 7620 7620 7.0
201401070529 114 127.94660187 37.33755875 1408 7620 7620 7.0
201401070530 114 127.94660187 37.33755875 1389 7620 7620 7.0
201401070531 114 127.94660187 37.33755875 1417 7620 7620 7.0
201401070532 114 127.94660187 37.33755875 1399 7620 7620 7.0
201401070533 114 127.94660187 37.33755875 1389 7620 7620 7.0
201401070534 114 127.94660187 37.33755875 1380 7620 7620 7.0
201401070535 114 127.94660187 37.33755875 1389 7620 7620 7.0
201401070536 114 127.94660187 37.33755875 1380 7620 7620 7.0
201401070537 114 127.94660187 37.33755875 1389 7620 7620 7.0
201401070538 114 127.94660187 37.33755875 1380 7620 7620 7.0
201401070539 114 127.94660187 37.33755875 1389 7620 7620 8.0
201401070540 114 127.94660187 37.33755875 1389 7620 7620 8.0
201401070541 114 127.94660187 37.33755875 1380 7620 7620 8.0
201401070542 114 127.94660187 37.33755875 1371 7620 7620 8.0
201401070543 114 127.94660187 37.33755875 1389 7620 7620 8.0
201401070544 114 127.94660187 37.33755875 1380 7620 7620 8.0
201401070545 114 127.94660187 37.33755875 1371 7620 7620 8.0
201401070546 114 127.94660187 37.33755875 1335 7620 7620 8.0
201401070547 114 127.94660187 37.33755875 1371 7620 7620 8.0
201401070548 114 127.94660187 37.33755875 1380 7620 7620 8.0
201401070549 114 127.94660187 37.33755875 1371 7620 7620 8.0
201401070550 114 127.94660187 37.33755875 1371 7620 7620 8.0
201401070551 114 127.94660187 37.33755875 1362 7620 7620 8.0
201401070552 114 127.94660187 37.33755875 1353 7620 7620 8.0
201401070553 114 127.94660187 37.33755875 1353 7620 7620 8.0
201401070554 114 127.94660187 37.33755875 1335 7620 7620 8.0
201401070555 114 127.94660187 37.33755875 1353 7620 7620 8.0
201401070556 114 127.94660187 37.33755875 1335 7620 7620 8.0
201401070557 114 127.94660187 37.33755875 1316 7620 7620 8.0
201401070558 114 127.94660187 37.33755875 1353 7620 7620 8.0
201401070559 114 127.94660187 37.33755875 1362 7620 7620 8.0
201401070600 114 127.94660187 37.33755875 1371 7620 7620 8.0
201401070601 114 127.94660187 37.33755875 1362 7620 7620 8.0
201401070602 114 127.94660187 37.33755875 1380 7620 7620 8.0
201401070603 114 127.94660187 37.33755875 1380 7620 7620 8.0
201401070604 114 127.94660187 37.33755875 1380 7620 7620 8.0
201401070605 114 127.94660187 37.33755875 1380 7620 7620 8.0
201401070606 114 127.94660187 37.33755875 1380 7620 7620 8.0
201401070607 114 127.94660187 37.33755875 1380 7620 7620 8.0
201401070608 114 127.94660187 37.33755875 1380 7620 7620 8.0
201401070609 114 127.94660187 37.33755875 1380 7620 7620 8.0
201401070610 114 127.94660187 37.33755875 1380 7620 7620 8.0
201401070611 114 127.94660187 37.33755875 1380 7620 7620 8.0
201401070612 114 127.94660187 37.33755875 1417 7620 7620 8.0
201401070613 114 127.94660187 37.33755875 1417 7620 7620 8.0
201401070614 114 127.94660187 37.33755875 1371 7620 7620 8.0
201401070615 114 127.94660187 37.33755875 1417 7620 7620 8.0
201401070616 114 127.94660187 37.33755875 1417 7620 7620 8.0
201401070617 114 127.94660187 37.33755875 1408 7620 7620 8.0
201401070618 114 127.94660187 37.33755875 1463 7620 7620 8.0
201401070619 114 127.94660187 37.33755875 1389 7620 7620 8.0
201401070620 114 127.94660187 37.33755875 1389 7620 7620 8.0
201401070621 114 127.94660187 37.33755875 1399 7620 7620 8.0
201401070622 114 127.94660187 37.33755875 1389 7620 7620 8.0
201401070623 114 127.94660187 37.33755875 1389 7620 7620 8.0
201401070624 114 127.94660187 37.33755875 1389 7620 7620 8.0
201401070625 114 127.94660187 37.33755875 1380 7620 7620 8.0
201401070626 114 127.94660187 37.33755875 1380 7620 7620 8.0
201401070627 114 127.94660187 37.33755875 1389 7620 7620 8.0
201401070628 114 127.94660187 37.33755875 1399 7620 7620 8.0
201401070629 114 127.94660187 37.33755875 1380 7620 7620 8.0
201401070630 114 127.94660187 37.33755875 1408 7620 7620 8.0
201401070631 114 127.94660187 37.33755875 1389 7620 7620 8.0
201401070632 114 127.94660187 37.33755875 1380 7620 7620 8.0
201401070633 114 127.94660187 37.33755875 1362 7620 7620 8.0
201401070634 114 127.94660187 37.33755875 1380 7620 7620 8.0
201401070635 114 127.94660187 37.33755875 1380 7620 7620 8.0
201401070636 114 127.94660187 37.33755875 1371 7620 7620 8.0
201401070637 114 127.94660187 37.33755875 1371 7620 7620 8.0
201401070638 114 127.94660187 37.33755875 1362 7620 7620 8.0

201401070640 114 127.94660187 37.33755875 1325 7620 7620 8.0
201401070641 114 127.94660187 37.33755875 1417 7620 7620 8.0
201401070642 114 127.94660187 37.33755875 1417 7620 7620 8.0
201401070643 114 127.94660187 37.33755875 1399 7620 7620 8.0
201401070644 114 127.94660187 37.33755875 1399 7620 7620 8.0
201401070645 114 127.94660187 37.33755875 1389 7620 7620 8.0
201401070646 114 127.94660187 37.33755875 1380 7620 7620 8.0
201401070647 114 127.94660187 37.33755875 1408 7620 7620 8.0
201401070648 114 127.94660187 37.33755875 1371 7620 7620 8.0
201401070649 114 127.94660187 37.33755875 1389 7620 7620 8.0
201401070650 114 127.94660187 37.33755875 1389 7620 7620 8.0
201401070651 114 127.94660187 37.33755875 1389 7620 7620 8.0
201401070652 114 127.94660187 37.33755875 1389 7620 7620 8.0
201401070653 114 127.94660187 37.33755875 1399 7620 7620 8.0
201401070654 114 127.94660187 37.33755875 1380 7620 7620 8.0
201401070655 114 127.94660187 37.33755875 1389 7620 7620 8.0
201401070656 114 127.94660187 37.33755875 1371 7620 7620 8.0
201401070657 114 127.94660187 37.33755875 1371 7620 7620 8.0
201401070658 114 127.94660187 37.33755875 1380 7620 7620 8.0
201401070659 114 127.94660187 37.33755875 1353 7620 7620 8.0
201401070700 114 127.94660187 37.33755875 1362 7620 7620 8.0
201401070701 114 127.94660187 37.33755875 1353 7620 7620 8.0
201401070702 114 127.94660187 37.33755875 1353 7620 7620 8.0
201401070703 114 127.94660187 37.33755875 1335 7620 7620 8.0
201401070704 114 127.94660187 37.33755875 1307 7620 7620 8.0
201401070705 114 127.94660187 37.33755875 1316 7620 7620 8.0
201401070706 114 127.94660187 37.33755875 1298 7620 7620 8.0
201401070707 114 127.94660187 37.33755875 1289 7620 7620 8.0
201401070708 114 127.94660187 37.33755875 1280 7620 7620 8.0
201401070709 114 127.94660187 37.33755875 1271 7620 7620 8.0
201401070710 114 127.94660187 37.33755875 1261 7620 7620 8.0
201401070711 114 127.94660187 37.33755875 1252 7620 7620 8.0
201401070712 114 127.94660187 37.33755875 1289 7620 7620 8.0
201401070713 114 127.94660187 37.33755875 1362 7620 7620 8.0
201401070714 114 127.94660187 37.33755875 1362 7620 7620 8.0
201401070715 114 127.94660187 37.33755875 1380 7620 7620 8.0
201401070716 114 127.94660187 37.33755875 1362 7620 7620 8.0
201401070717 114 127.94660187 37.33755875 1371 7620 7620 8.0
201401070718 114 127.94660187 37.33755875 1389 7620 7620 8.0
201401070719 114 127.94660187 37.33755875 1371 7620 7620 8.0
201401070720 114 127.94660187 37.33755875 1353 7620 7620 8.0
201401070721 114 127.94660187 37.33755875 1335 7620 7620 8.0
201401070722 114 127.94660187 37.33755875 1371 7620 7620 8.0
201401070723 114 127.94660187 37.33755875 1371 7620 7620 8.0
201401070724 114 127.94660187 37.33755875 1371 7620 7620 8.0
201401070725 114 127.94660187 37.33755875 1371 7620 7620 8.0
201401070726 114 127.94660187 37.33755875 1362 7620 7620 8.0
201401070727 114 127.94660187 37.33755875 1362 7620 7620 8.0
201401070728 114 127.94660187 37.33755875 1371 7620 7620 8.0
201401070729 114 127.94660187 37.33755875 1371 7620 7620 8.0
201401070730 114 127.94660187 37.33755875 1371 7620 7620 8.0
201401070731 114 127.94660187 37.33755875 1399 7620 7620 8.0
201401070732 114 127.94660187 37.33755875 1362 7620 7620 8.0
201401070733 114 127.94660187 37.33755875 1335 7620 7620 8.0
201401070734 114 127.94660187 37.33755875 1335 7620 7620 8.0
201401070735 114 127.94660187 37.33755875 1335 7620 7620 8.0
201401070736 114 127.94660187 37.33755875 1362 7620 7620 8.0
201401070737 114 127.94660187 37.33755875 1362 7620 7620 8.0
201401070738 114 127.94660187 37.33755875 1371 7620 7620 8.0
201401070739 114 127.94660187 37.33755875 1353 7620 7620 8.0
201401070740 114 127.94660187 37.33755875 1362 7620 7620 8.0
201401070741 114 127.94660187 37.33755875 1353 7620 7620 8.0
201401070742 114 127.94660187 37.33755875 1353 7620 7620 8.0
201401070743 114 127.94660187 37.33755875 1362 7620 7620 8.0
201401070744 114 127.94660187 37.33755875 1362 7620 7620 8.0
201401070745 114 127.94660187 37.33755875 1362 7620 7620 8.0
201401070746 114 127.94660187 37.33755875 1371 7620 7620 8.0
201401070747 114 127.94660187 37.33755875 1371 7620 7620 8.0
201401070748 114 127.94660187 37.33755875 1371 7620 7620 8.0
201401070749 114 127.94660187 37.33755875 1371 7620 7620 8.0
201401070750 114 127.94660187 37.33755875 7620 7620 7620 8.0
201401070751 114 127.94660187 37.33755875 1380 7620 7620 8.0
201401070752 114 127.94660187 37.33755875 7620 7620 7620 8.0
201401070753 114 127.94660187 37.33755875 7620 7620 7620 8.0
201401070754 114 127.94660187 37.33755875 7620 7620 7620 7.0
201401070755 114 127.94660187 37.33755875 7620 7620 7620 7.0
201401070756 114 127.94660187 37.33755875 7620 7620 7620 7.0
201401070757 114 127.94660187 37.33755875 7620 7620 7620 7.0
201401070758 114 127.94660187 37.33755875 7620 7620 7620 7.0
201401070759 114 127.94660187 37.33755875 7620 7620 7620 5.0
201401070800 114 127.94660187 37.33755875 7620 7620 7620 5.0
201401070801 114 127.94660187 37.33755875 7620 7620 7620 5.0
201401070802 114 127.94660187 37.33755875 7620 7620 7620 5.0
201401070803 114 127.94660187 37.33755875 1408 7620 7620 5.0
201401070804 114 127.94660187 37.33755875 1417 7620 7620 4.0
201401070805 114 127.94660187 37.33755875 1417 7620 7620 4.0
201401070806 114 127.94660187 37.33755875 1426 7620 7620 4.0
201401070807 114 127.94660187 37.33755875 1453 7620 7620 4.0
201401070808 114 127.94660187 37.33755875 1426 7620 7620 4.0
201401070809 114 127.94660187 37.33755875 1408 7620 7620 5.0
201401070810 114 127.94660187 37.33755875 1399 7620 7620 5.0
201401070811 114 127.94660187 37.33755875 1399 7620 7620 5.0
201401070812 114 127.94660187 37.33755875 1408 7620 7620 5.0
201401070813 114 127.94660187 37.33755875 7620 7620 7620 5.0
201401070814 114 127.94660187 37.33755875 7620 7620 7620 5.0
201401070815 114 127.94660187 37.33755875 1435 7620 7620 5.0
201401070816 114 127.94660187 37.33755875 7620 7620 7620 5.0
201401070817 114 127.94660187 37.33755875 1426 7620 7620 5.0
201401070818 114 127.94660187 37.33755875 1417 7620 7620 5.0
201401070819 114 127.94660187 37.33755875 7620 7620 7620 4.0
201401070820 114 127.94660187 37.33755875 1426 7620 7620 4.0
201401070821 114 127.94660187 37.33755875 1408 7620 7620 4.0
201401070822 114 127.94660187 37.33755875 1408 7620 7620 4.0
201401070823 114 127.94660187 37.33755875 1417 7620 7620 4.0
201401070824 114 127.94660187 37.33755875 1399 7620 7620 5.0
201401070825 114 127.94660187 37.33755875 7620 7620 7620 5.0
201401070826 114 127.94660187 37.33755875 7620 7620 7620 5.0
201401070827 114 127.94660187 37.33755875 1389 7620 7620 5.0
201401070828 114 127.94660187 37.33755875 1380 7620 7620 5.0
201401070829 114 127.94660187 37.33755875 1371 7620 7620 5.0
201401070830 114 127.94660187 37.33755875 7620 7620 7620 5.0
201401070831 114 127.94660187 37.33755875 1353 7620 7620 5.0
201401070832 114 127.94660187 37.33755875 7620 7620 7620 5.0
201401070833 114 127.94660187 37.33755875 7620 7620 7620 5.0
201401070834 114 127.94660187 37.33755875 7620 7620 7620 5.0
201401070835 114 127.94660187 37.33755875 7620 7620 7620 5.0
201401070836 114 127.94660187 37.33755875 7620 7620 7620 5.0
201401070837 114 127.94660187 37.33755875 7620 7620 7620 5.0
201401070838 114 127.94660187 37.33755875 7620 7620 7620 5.0
201401070839 114 127.94660187 37.33755875 7620 7620 7620 3.0
201401070840 114 127.94660187 37.33755875 7620 7620 7620 3.0
201401070841 114 127.94660187 37.33755875 7620 7620 7620 3.0
201401070842 114 127.94660187 37.33755875 7620 7620 7620 3.0
201401070843 114 127.94660187 37.33755875 7620 7620 7620 3.0
201401070844 114 127.94660187 37.33755875 7620 7620 7620 2.0
201401070845 114 127.94660187 37.33755875 7620 7620 7620 2.0
201401070846 114 127.94660187 37.33755875 7620 7620 7620 2.0
201401070847 114 127.94660187 37.33755875 7620 7620 7620 2.0
201401070848 114 127.94660187 37.33755875 7620 7620 7620 2.0
201401070849 114 127.94660187 37.33755875 7620 7620 7620 2.0
201401070850 114 127.94660187 37.33755875 7620 7620 7620 2.0
201401070851 114 127.94660187 37.33755875 7620 7620 7620 2.0
201401070852 114 127.94660187 37.33755875 7620 7620 7620 2.0
201401070853 114 127.94660187 37.33755875 7620 7620 7620 2.0
201401070854 114 127.94660187 37.33755875 7620 7620 7620 1.0
201401070855 114 127.94660187 37.33755875 7620 7620 7620 1.0
201401070856 114 127.94660187 37.33755875 7620 7620 7620 1.0
201401070857 114 127.94660187 37.33755875 7620 7620 7620 1.0
201401070858 114 127.94660187 37.33755875 7620 7620 7620 1.0
201401070859 114 127.94660187 37.33755875 7620 7620 7620 1.0
201401070900 114 127.94660187 37.33755875 7620 7620 7620 1.0
201401070901 114 127.94660187 37.33755875 7620 7620 7620 1.0
201401070902 114 127.94660187 37.33755875 7620 7620 7620 1.0
201401070903 114 127.94660187 37.33755875 7620 7620 7620 1.0
201401070904 114 127.94660187 37.33755875 7620 7620 7620 0.0
201401070905 114 127.94660187 37.33755875 7620 7620 7620 0.0
201401070906 114 127.94660187 37.33755875 5276 7620 7620 0.0
201401070907 114 127.94660187 37.33755875 7620 7620 7620 0.0
201401070908 114 127.94660187 37.33755875 7620 7620 7620 0.0
201401070909 114 127.94660187 37.33755875 7620 7620 7620 0.0
201401070910 114 127.94660187 37.33755875 7620 7620 7620 0.0
201401070911 114 127.94660187 37.33755875 7620 7620 7620 0.0
201401070912 114 127.94660187 37.33755875 7620 7620 7620 0.0
201401070913 114 127.94660187 37.33755875 7620 7620 7620 0.0
201401070914 114 127.94660187 37.33755875 1380 7620 7620 0.0
201401070915 114 127.94660187 37.33755875 1380 7620 7620 0.0
201401070916 114 127.94660187 37.33755875 1371 7620 7620 0.0
201401070917 114 127.94660187 37.33755875 1362 7620 7620 0.0
201401070918 114 127.94660187 37.33755875 1335 7620 7620 0.0
201401070919 114 127.94660187 37.33755875 1325 7620 7620 2.0
201401070920 114 127.94660187 37.33755875 1325 7620 7620 2.0
201401070921 114 127.94660187 37.33755875 1325 7620 7620 2.0
201401070922 114 127.94660187 37.33755875 1335 7620 7620 2.0
201401070923 114 127.94660187 37.33755875 1335 7620 7620 2.0
201401070924 114 127.94660187 37.33755875 1335 7620 7620 4.0
201401070925 114 127.94660187 37.33755875 1325 7620 7620 4.0
201401070926 114 127.94660187 37.33755875 1335 7620 7620 4.0
201401070927 114 127.94660187 37.33755875 1335 7620 7620 4.0
201401070928 114 127.94660187 37.33755875 1316 7620 7620 4.0
201401070929 114 127.94660187 37.33755875 1325 7620 7620 5.0
201401070930 114 127.94660187 37.33755875 1316 7620 7620 5.0
201401070931 114 127.94660187 37.33755875 1289 7620 7620 5.0
201401070932 114 127.94660187 37.33755875 1298 7620 7620 5.0
201401070933 114 127.94660187 37.33755875 1298 7620 7620 5.0
201401070934 114 127.94660187 37.33755875 1280 7620 7620 6.0
201401070935 114 127.94660187 37.33755875 1289 7620 7620 6.0
201401070936 114 127.94660187 37.33755875 1298 7620 7620 6.0
201401070937 114 127.94660187 37.33755875 1289 7620 7620 6.0
201401070938 114 127.94660187 37.33755875 1271 7620 7620 6.0
201401070939 114 127.94660187 37.33755875 1280 7620 7620 7.0
201401070940 114 127.94660187 37.33755875 1289 7620 7620 7.0
201401070941 114 127.94660187 37.33755875 1298 7620 7620 7.0
201401070942 114 127.94660187 37.33755875 1325 7620 7620 7.0
201401070943 114 127.94660187 37.33755875 1261 7620 7620 7.0
201401070944 114 127.94660187 37.33755875 1252 7620 7620 7.0
201401070945 114 127.94660187 37.33755875 1216 7620 7620 7.0
201401070946 114 127.94660187 37.33755875 1261 7620 7620 7.0
201401070947 114 127.94660187 37.33755875 1271 7620 7620 7.0
201401070948 114 127.94660187 37.33755875 1271 7620 7620 7.0
201401070949 114 127.94660187 37.33755875 1298 7620 7620 8.0
201401070950 114 127.94660187 37.33755875 1298 7620 7620 8.0
201401070951 114 127.94660187 37.33755875 1298 7620 7620 8.0
201401070952 114 127.94660187 37.33755875 1280 7620 7620 8.0
201401070953 114 127.94660187 37.33755875 1280 7620 7620 8.0
201401070954 114 127.94660187 37.33755875 1252 7620 7620 8.0
201401070955 114 127.94660187 37.33755875 1289 7620 7620 8.0
201401070956 114 127.94660187 37.33755875 1298 1563 7620 8.0
201401070957 114 127.94660187 37.33755875 1307 7620 7620 8.0
201401070958 114 127.94660187 37.33755875 1325 7620 7620 8.0
201401070959 114 127.94660187 37.33755875 1298 7620 7620 8.0
201401071000 114 127.94660187 37.33755875 1307 7620 7620 8.0
201401071001 114 127.94660187 37.33755875 1307 7620 7620 8.0
201401071002 114 127.94660187 37.33755875 1298 7620 7620 8.0
201401071003 114 127.94660187 37.33755875 1353 7620 7620 8.0
201401071004 114 127.94660187 37.33755875 1316 7620 7620 8.0
201401071005 114 127.94660187 37.33755875 1298 7620 7620 8.0
201401071006 114 127.94660187 37.33755875 1307 7620 7620 8.0
201401071007 114 127.94660187 37.33755875 1307 7620 7620 8.0
201401071008 114 127.94660187 37.33755875 1307 7620 7620 8.0
201401071009 114 127.94660187 37.33755875 1316 7620 7620 8.0
201401071010 114 127.94660187 37.33755875 1307 7620 7620 8.0
201401071011 114 127.94660187 37.33755875 1298 7620 7620 8.0
201401071012 114 127.94660187 37.33755875 1298 7620 7620 8.0
201401071013 114 127.94660187 37.33755875 1307 7620 7620 8.0
201401071014 114 127.94660187 37.33755875 1298 7620 7620 7.0
201401071015 114 127.94660187 37.33755875 1298 7620 7620 7.0
201401071016 114 127.94660187 37.33755875 1298 7620 7620 7.0
201401071017 114 127.94660187 37.33755875 1289 7620 7620 7.0
201401071018 114 127.94660187 37.33755875 1280 7620 7620 7.0
201401071019 114 127.94660187 37.33755875 1289 7620 7620 7.0
201401071020 114 127.94660187 37.33755875 1289 7620 7620 7.0
201401071021 114 127.94660187 37.33755875 1289 7620 7620 7.0
201401071022 114 127.94660187 37.33755875 1298 7620 7620 7.0
201401071023 114 127.94660187 37.33755875 1298 7620 7620 7.0
201401071024 114 127.94660187 37.33755875 1289 7620 7620 7.0
201401071025 114 127.94660187 37.33755875 1280 7620 7620 7.0
201401071026 114 127.94660187 37.33755875 1280 7620 7620 7.0
201401071027 114 127.94660187 37.33755875 1280 7620 7620 7.0
201401071028 114 127.94660187 37.33755875 1280 7620 7620 7.0
201401071029 114 127.94660187 37.33755875 1280 7620 7620 7.0
201401071030 114 127.94660187 37.33755875 7620 7620 7620 7.0
201401071031 114 127.94660187 37.33755875 7620 7620 7620 7.0
201401071032 114 127.94660187 37.33755875 7620 7620 7620 7.0
201401071033 114 127.94660187 37.33755875 7620 7620 7620 7.0
201401071034 114 127.94660187 37.33755875 4690 7620 7620 6.0
201401071035 114 127.94660187 37.33755875 4690 7620 7620 6.0
201401071036 114 127.94660187 37.33755875 7620 7620 7620 6.0
201401071037 114 127.94660187 37.33755875 7620 7620 7620 6.0
201401071038 114 127.94660187 37.33755875 7620 7620 7620 6.0
201401071039 114 127.94660187 37.33755875 7620 7620 7620 4.0
201401071040 114 127.94660187 37.33755875 7620 7620 7620 4.0
201401071041 114 127.94660187 37.33755875 7620 7620 7620 4.0
201401071042 114 127.94660187 37.33755875 4892 7620 7620 4.0
201401071043 114 127.94660187 37.33755875 4846 7620 7620 4.0
201401071044 114 127.94660187 37.33755875 4837 7620 7620 3.0
201401071045 114 127.94660187 37.33755875 4837 7620 7620 3.0
201401071046 114 127.94660187 37.33755875 4782 7620 7620 3.0
201401071047 114 127.94660187 37.33755875 4745 7620 7620 3.0
201401071048 114 127.94660187 37.33755875 4745 7620 7620 3.0
201401071049 114 127.94660187 37.33755875 4745 7620 7620 2.0
201401071050 114 127.94660187 37.33755875 4709 7620 7620 2.0
201401071051 114 127.94660187 37.33755875 5248 7620 7620 2.0
201401071052 114 127.94660187 37.33755875 4654 7620 7620 2.0
201401071053 114 127.94660187 37.33755875 5056 7620 7620 2.0
201401071054 114 127.94660187 37.33755875 5056 7620 7620 1.0
201401071055 114 127.94660187 37.33755875 5065 7620 7620 1.0
201401071056 114 127.94660187 37.33755875 5084 7620 7620 1.0
201401071057 114 127.94660187 37.33755875 5047 7620 7620 1.0
201401071058 114 127.94660187 37.33755875 5102 7620 7620 1.0
201401071059 114 127.94660187 37.33755875 4709 7620 7620 6.0
201401071100 114 127.94660187 37.33755875 4727 7620 7620 6.0
201401071101 114 127.94660187 37.33755875 4709 7620 7620 6.0
201401071102 114 127.94660187 37.33755875 1078 7620 7620 6.0
201401071103 114 127.94660187 37.33755875 1078 7620 7620 6.0
201401071104 114 127.94660187 37.33755875 1078 7620 7620 1.0
201401071105 114 127.94660187 37.33755875 1078 7620 7620 1.0
201401071106 114 127.94660187 37.33755875 1060 7620 7620 1.0
201401071107 114 127.94660187 37.33755875 1042 7620 7620 1.0
201401071108 114 127.94660187 37.33755875 1042 7620 7620 1.0
201401071109 114 127.94660187 37.33755875 1051 7620 7620 3.0
201401071110 114 127.94660187 37.33755875 1060 7620 7620 3.0
202109031422 258 116.7 4.8 124.6 5.8 119.0 3.8 25.2 0.0 0.0 0.0 1.6 1.8 73.6 1007.0 1007.2 20.2
201401071112 114 127.94660187 37.33755875 1115 7620 7620 3.0
201401071113 114 127.94660187 37.33755875 1115 7620 7620 3.0

201401071115 114 127.94660187 37.33755875 1133 7620 7620 4.0
201401071116 114 127.94660187 37.33755875 1143 7620 7620 4.0
201401071117 114 127.94660187 37.33755875 1106 7620 7620 4.0
201401071118 114 127.94660187 37.33755875 1133 7620 7620 4.0
201401071119 114 127.94660187 37.33755875 7620 7620 7620 5.0
201401071120 114 127.94660187 37.33755875 7620 7620 7620 5.0
201401071121 114 127.94660187 37.33755875 7620 7620 7620 5.0
201401071122 114 127.94660187 37.33755875 1097 7620 7620 5.0
201401071123 114 127.94660187 37.33755875 1106 7620 7620 5.0
201401071124 114 127.94660187 37.33755875 7620 7620 7620 4.0
201401071125 114 127.94660187 37.33755875 7620 7620 7620 4.0
201401071126 114 127.94660187 37.33755875 7620 7620 7620 4.0
201401071127 114 127.94660187 37.33755875 7620 7620 7620 4.0
201401071128 114 127.94660187 37.33755875 1115 7620 7620 4.0
201401071129 114 127.94660187 37.33755875 1115 7620 7620 4.0
201401071130 114 127.94660187 37.33755875 1115 7620 7620 4.0
201401071131 114 127.94660187 37.33755875 1115 7620 7620 4.0
201401071132 114 127.94660187 37.33755875 1115 7620 7620 4.0
201401071133 114 127.94660187 37.33755875 1106 7620 7620 4.0
201401071134 114 127.94660187 37.33755875 1106 7620 7620 6.0
201401071135 114 127.94660187 37.33755875 1097 7620 7620 6.0
201401071136 114 127.94660187 37.33755875 1097 7620 7620 6.0
201401071137 114 127.94660187 37.33755875 1097 7620 7620 6.0
201401071138 114 127.94660187 37.33755875 1097 7620 7620 6.0
201401071139 114 127.94660187 37.33755875 1078 7620 7620 6.0
201401071140 114 127.94660187 37.33755875 1069 7620 7620 6.0
201401071141 114 127.94660187 37.33755875 1106 7620 7620 6.0
201401071142 114 127.94660187 37.33755875 1088 7620 7620 6.0
201401071143 114 127.94660187 37.33755875 1097 7620 7620 6.0
201401071144 114 127.94660187 37.33755875 1097 7620 7620 6.0
201401071145 114 127.94660187 37.33755875 7620 7620 7620 6.0
201401071146 114 127.94660187 37.33755875 7620 7620 7620 6.0
201401071147 114 127.94660187 37.33755875 7620 7620 7620 6.0
201401071148 114 127.94660187 37.33755875 7620 7620 7620 6.0
201401071149 114 127.94660187 37.33755875 7620 7620 7620 5.0
201401071150 114 127.94660187 37.33755875 1106 7620 7620 5.0
201401071151 114 127.94660187 37.33755875 1106 7620 7620 5.0
201401071152 114 127.94660187 37.33755875 7620 7620 7620 5.0
201401071153 114 127.94660187 37.33755875 7620 7620 7620 5.0
201401071154 114 127.94660187 37.33755875 1106 7620 7620 5.0
201401071155 114 127.94660187 37.33755875 1106 7620 7620 5.0
201401071156 114 127.94660187 37.33755875 1106 7620 7620 5.0
201401071157 114 127.94660187 37.33755875 1106 7620 7620 5.0
201401071158 114 127.94660187 37.33755875 1106 7620 7620 5.0
201401071159 114 127.94660187 37.33755875 1097 7620 7620 6.0
201401071200 114 127.94660187 37.33755875 1097 7620 7620 6.0
201401071201 114 127.94660187 37.33755875 1097 7620 7620 6.0
201401071202 114 127.94660187 37.33755875 1097 7620 7620 6.0
201401071203 114 127.94660187 37.33755875 7620 7620 7620 6.0
201401071204 114 127.94660187 37.33755875 7620 7620 7620 6.0
201401071205 114 127.94660187 37.33755875 7620 7620 7620 6.0
201401071206 114 127.94660187 37.33755875 1106 7620 7620 6.0
201401071207 114 127.94660187 37.33755875 1088 7620 7620 6.0
201401071208 114 127.94660187 37.33755875 7620 7620 7620 6.0
201401071209 114 127.94660187 37.33755875 7620 7620 7620 5.0
201401071210 114 127.94660187 37.33755875 7620 7620 7620 5.0
201401071211 114 127.94660187 37.33755875 7620 7620 7620 5.0
201401071212 114 127.94660187 37.33755875 7620 7620 7620 5.0
201401071213 114 127.94660187 37.33755875 7620 7620 7620 5.0
201401071214 114 127.94660187 37.33755875 7620 7620 7620 3.0
201401071215 114 127.94660187 37.33755875 7620 7620 7620 3.0
201401071216 114 127.94660187 37.33755875 1088 7620 7620 3.0
201401071217 114 127.94660187 37.33755875 1069 7620 7620 3.0
201401071218 114 127.94660187 37.33755875 7620 7620 7620 3.0
201401071219 114 127.94660187 37.33755875 1088 7620 7620 3.0
201401071220 114 127.94660187 37.33755875 7620 7620 7620 3.0
201401071221 114 127.94660187 37.33755875 7620 7620 7620 3.0
201401071222 114 127.94660187 37.33755875 7620 7620 7620 3.0
201401071223 114 127.94660187 37.33755875 1078 7620 7620 3.0
201401071224 114 127.94660187 37.33755875 7620 7620 7620 3.0
201401071225 114 127.94660187 37.33755875 1069 7620 7620 3.0
201401071226 114 127.94660187 37.33755875 1069 7620 7620 3.0
201401071227 114 127.94660187 37.33755875 1060 7620 7620 3.0
201401071228 114 127.94660187 37.33755875 1060 7620 7620 3.0
201401071229 114 127.94660187 37.33755875 1051 7620 7620 4.0
201401071230 114 127.94660187 37.33755875 1051 7620 7620 4.0
201401071231 114 127.94660187 37.33755875 1051 7620 7620 4.0
201401071232 114 127.94660187 37.33755875 1060 7620 7620 4.0
201401071233 114 127.94660187 37.33755875 1060 7620 7620 4.0
201401071234 114 127.94660187 37.33755875 1051 7620 7620 5.0
201401071235 114 127.94660187 37.33755875 1060 7620 7620 5.0
201401071236 114 127.94660187 37.33755875 1060 7620 7620 5.0
201401071237 114 127.94660187 37.33755875 1051 7620 7620 5.0
201401071238 114 127.94660187 37.33755875 1042 7620 7620 5.0
201401071239 114 127.94660187 37.33755875 1042 7620 7620 5.0
201401071240 114 127.94660187 37.33755875 1042 7620 7620 5.0
201401071241 114 127.94660187 37.33755875 1051 7620 7620 5.0
201401071242 114 127.94660187 37.33755875 1051 7620 7620 5.0
201401071243 114 127.94660187 37.33755875 1060 7620 7620 5.0
201401071244 114 127.94660187 37.33755875 1060 7620 7620 6.0
201401071245 114 127.94660187 37.33755875 1069 7620 7620 6.0
201401071246 114 127.94660187 37.33755875 7620 7620 7620 6.0
201401071247 114 127.94660187 37.33755875 7620 7620 7620 6.0
201401071248 114 127.94660187 37.33755875 7620 7620 7620 6.0
201401071249 114 127.94660187 37.33755875 7620 7620 7620 6.0
201401071250 114 127.94660187 37.33755875 7620 7620 7620 6.0
201401071251 114 127.94660187 37.33755875 1170 7620 7620 6.0
201401071252 114 127.94660187 37.33755875 1106 7620 7620 6.0
201401071253 114 127.94660187 37.33755875 1133 7620 7620 6.0
201401071254 114 127.94660187 37.33755875 1133 7620 7620 6.0
201401071255 114 127.94660187 37.33755875 1115 7620 7620 6.0
201401071256 114 127.94660187 37.33755875 1133 7620 7620 6.0
201401071257 114 127.94660187 37.33755875 1143 7620 7620 6.0
201401071258 114 127.94660187 37.33755875 1133 7620 7620 6.0
201401071259 114 127.94660187 37.33755875 1143 7620 7620 6.0
201401071300 114 127.94660187 37.33755875 1143 7620 7620 6.0
201401071301 114 127.94660187 37.33755875 1133 7620 7620 6.0
201401071302 114 127.94660187 37.33755875 1133 7620 7620 6.0
201401071303 114 127.94660187 37.33755875 1133 7620 7620 6.0
201401071304 114 127.94660187 37.33755875 1133 7620 7620 7.0
201401071305 114 127.94660187 37.33755875 1133 7620 7620 7.0
201401071306 114 127.94660187 37.33755875 1115 7620 7620 7.0
201401071307 114 127.94660187 37.33755875 1133 7620 7620 7.0
201401071308 114 127.94660187 37.33755875 1115 7620 7620 7.0
201401071309 114 127.94660187 37.33755875 1106 7620 7620 7.0
201401071310 114 127.94660187 37.33755875 1106 7620 7620 7.0
201401071311 114 127.94660187 37.33755875 1088 7620 7620 7.0
201401071312 114 127.94660187 37.33755875 1097 7620 7620 7.0
201401071313 114 127.94660187 37.33755875 1106 7620 7620 7.0
201401071314 114 127.94660187 37.33755875 1078 7620 7620 7.0
201401071315 114 127.94660187 37.33755875 1069 7620 7620 7.0
201401071316 114 127.94660187 37.33755875 7620 7620 7620 7.0
201401071317 114 127.94660187 37.33755875 7620 7620 7620 7.0
201401071318 114 127.94660187 37.33755875 7620 7620 7620 7.0
201401071319 114 127.94660187 37.33755875 7620 7620 7620 6.0
201401071320 114 127.94660187 37.33755875 7620 7620 7620 6.0
201401071321 114 127.94660187 37.33755875 7620 7620 7620 6.0
201401071322 114 127.94660187 37.33755875 7620 7620 7620 6.0
201401071323 114 127.94660187 37.33755875 7620 7620 7620 6.0
201401071324 114 127.94660187 37.33755875 7620 7620 7620 4.0
201401071325 114 127.94660187 37.33755875 7620 7620 7620 4.0
201401071326 114 127.94660187 37.33755875 1115 7620 7620 4.0
201401071327 114 127.94660187 37.33755875 1115 7620 7620 4.0
201401071328 114 127.94660187 37.33755875 1106 7620 7620 4.0
201401071329 114 127.94660187 37.33755875 1106 7620 7620 4.0
201401071330 114 127.94660187 37.33755875 1106 7620 7620 4.0
201401071331 114 127.94660187 37.33755875 1106 7620 7620 4.0
201401071332 114 127.94660187 37.33755875 1106 7620 7620 4.0
201401071333 114 127.94660187 37.33755875 1088 7620 7620 4.0
201401071334 114 127.94660187 37.33755875 1088 7620 7620 5.0
201401071335 114 127.94660187 37.33755875 7620 7620 7620 5.0
201401071336 114 127.94660187 37.33755875 7620 7620 7620 5.0
201401071337 114 127.94660187 37.33755875 1115 7620 7620 5.0
201401071338 114 127.94660187 37.33755875 1097 7620 7620 5.0
201401071339 114 127.94660187 37.33755875 1097 7620 7620 5.0
201401071340 114 127.94660187 37.33755875 7620 7620 7620 5.0
201401071341 114 127.94660187 37.33755875 1078 7620 7620 5.0
201401071342 114 127.94660187 37.33755875 7620 7620 7620 5.0
201401071343 114 127.94660187 37.33755875 7620 7620 7620 5.0
201401071344 114 127.94660187 37.33755875 7620 7620 7620 4.0
201401071345 114 127.94660187 37.33755875 7620 7620 7620 4.0
201401071346 114 127.94660187 37.33755875 7620 7620 7620 4.0
201401071347 114 127.94660187 37.33755875 7620 7620 7620 4.0
201401071348 114 127.94660187 37.33755875 7620 7620 7620 4.0
201401071349 114 127.94660187 37.33755875 7620 7620 7620 3.0
201401071350 114 127.94660187 37.33755875 7620 7620 7620 3.0
201401071351 114 127.94660187 37.33755875 7620 7620 7620 3.0
201401071352 114 127.94660187 37.33755875 7620 7620 7620 3.0
201401071353 114 127.94660187 37.33755875 7620 7620 7620 3.0
201401071354 114 127.94660187 37.33755875 7620 7620 7620 2.0
201401071355 114 127.94660187 37.33755875 7620 7620 7620 2.0
201401071356 114 127.94660187 37.33755875 7620 7620 7620 2.0
201401071357 114 127.94660187 37.33755875 7620 7620 7620 2.0
201401071358 114 127.94660187 37.33755875 7620 7620 7620 2.0
201401071359 114 127.94660187 37.33755875 7620 7620 7620 2.0
201401071400 114 127.94660187 37.33755875 7620 7620 7620 2.0
201401071401 114 127.94660187 37.33755875 7620 7620 7620 2.0
201401071402 114 127.94660187 37.33755875 7620 7620 7620 2.0
201401071403 114 127.94660187 37.33755875 7620 7620 7620 2.0
201401071404 114 127.94660187 37.33755875 7620 7620 7620 1.0
201401071405 114 127.94660187 37.33755875 7620 7620 7620 1.0
201401071406 114 127.94660187 37.33755875 7620 7620 7620 1.0
201401071407 114 127.94660187 37.33755875 7620 7620 7620 1.0
201401071408 114 127.94660187 37.33755875 7620 7620 7620 1.0
201401071409 114 127.94660187 37.33755875 7620 7620 7620 0.0
201401071410 114 127.94660187 37.33755875 7620 7620 7620 0.0
201401071411 114 127.94660187 37.33755875 7620 7620 7620 0.0
201401071412 114 127.94660187 37.33755875 7620 7620 7620 0.0
201401071413 114 127.94660187 37.33755875 7620 7620 7620 0.0
201401071414 114 127.94660187 37.33755875 7620 7620 7620 0.0
201401071415 114 127.94660187 37.33755875 7620 7620 7620 0.0
201401071416 114 127.94660187 37.33755875 7620 7620 7620 0.0
201401071417 114 127.94660187 37.33755875 7620 7620 7620 0.0
201401071418 114 127.94660187 37.33755875 7620 7620 7620 0.0
201401071419 114 127.94660187 37.33755875 7620 7620 7620 0.0
201401071420 114 127.94660187 37.33755875 7620 7620 7620 0.0
201401071421 114 127.94660187 37.33755875 7620 7620 7620 0.0
201401071422 114 127.94660187 37.33755875 7620 7620 7620 0.0
201401071423 114 127.94660187 37.33755875 7620 7620 7620 0.0
201401071424 114 127.94660187 37.33755875 7620 7620 7620 0.0
201401071425 114 127.94660187 37.33755875 7620 7620 7620 0.0
201401071426 114 127.94660187 37.33755875 7620 7620 7620 0.0
201401071427 114 127.94660187 37.33755875 7620 7620 7620 0.0
201401071428 114 127.94660187 37.33755875 7620 7620 7620 0.0
201401071429 114 127.94660187 37.33755875 7620 7620 7620 0.0
201401071430 114 127.94660187 37.33755875 7620 7620 7620 0.0
201401071431 114 127.94660187 37.33755875 7620 7620 7620 0.0
201401071432 114 127.94660187 37.33755875 4197 7620 7620 0.0
201401071433 114 127.94660187 37.33755875 4242 7620 7620 0.0
201401071434 114 127.94660187 37.33755875 4169 7620 7620 1.0
201401071435 114 127.94660187 37.33755875 4169 7620 7620 1.0
201401071436 114 127.94660187 37.33755875 3959 7620 7620 1.0
201401071437 114 127.94660187 37.33755875 7620 7620 7620 1.0
201401071438 114 127.94660187 37.33755875 7620 7620 7620 1.0
201401071439 114 127.94660187 37.33755875 7620 7620 7620 2.0
201401071440 114 127.94660187 37.33755875 7620 7620 7620 2.0
201401071441 114 127.94660187 37.33755875 7620 7620 7620 2.0
201401071442 114 127.94660187 37.33755875 7620 7620 7620 2.0
201401071443 114 127.94660187 37.33755875 7620 7620 7620 2.0
201401071444 114 127.94660187 37.33755875 1298 7620 7620 2.0
201401071445 114 127.94660187 37.33755875 7620 7620 7620 2.0
201401071446 114 127.94660187 37.33755875 7620 7620 7620 2.0
201401071447 114 127.94660187 37.33755875 1280 7620 7620 2.0
201401071448 114 127.94660187 37.33755875 7620 7620 7620 2.0
201401071449 114 127.94660187 37.33755875 7620 7620 7620 1.0
201401071450 114 127.94660187 37.33755875 1252 7620 7620 1.0
201401071451 114 127.94660187 37.33755875 1261 7620 7620 1.0
201401071452 114 127.94660187 37.33755875 1261 7620 7620 1.0
201401071453 114 127.94660187 37.33755875 1271 7620 7620 1.0
201401071454 114 127.94660187 37.33755875 1261 7620 7620 3.0
201401071455 114 127.94660187 37.33755875 1261 7620 7620 3.0
201401071456 114 127.94660187 37.33755875 1261 7620 7620 3.0
201401071457 114 127.94660187 37.33755875 1271 7620 7620 3.0
201401071458 114 127.94660187 37.33755875 7620 7620 7620 3.0
201401071459 114 127.94660187 37.33755875 7620 7620 7620 4.0
201401071500 114 127.94660187 37.33755875 1271 7620 7620 4.0
201401071501 114 127.94660187 37.33755875 1252 7620 7620 4.0
201401071502 114 127.94660187 37.33755875 1252 7620 7620 4.0
201401071503 114 127.94660187 37.33755875 1243 7620 7620 4.0
201401071504 114 127.94660187 37.33755875 1252 7620 7620 4.0
201401071505 114 127.94660187 37.33755875 1243 7620 7620 4.0
201401071506 114 127.94660187 37.33755875 1225 1453 7620 4.0
201401071507 114 127.94660187 37.33755875 1243 7620 7620 4.0
201401071508 114 127.94660187 37.33755875 7620 7620 7620 4.0
201401071509 114 127.94660187 37.33755875 1252 7620 7620 6.0
201401071510 114 127.94660187 37.33755875 1216 7620 7620 6.0
201401071511 114 127.94660187 37.33755875 3557 7620 7620 6.0
201401071512 114 127.94660187 37.33755875 7620 7620 7620 6.0
201401071513 114 127.94660187 37.33755875 3547 3758 7620 6.0
201401071514 114 127.94660187 37.33755875 3529 3730 7620 5.0
201401071515 114 127.94660187 37.33755875 3575 7620 7620 5.0
201401071516 114 127.94660187 37.33755875 3566 7620 7620 5.0
201401071517 114 127.94660187 37.33755875 7620 7620 7620 5.0
201401071518 114 127.94660187 37.33755875 7620 7620 7620 5.0
201401071519 114 127.94660187 37.33755875 7620 7620 7620 4.0
201401071520 114 127.94660187 37.33755875 7620 7620 7620 4.0
201401071521 114 127.94660187 37.33755875 7620 7620 7620 4.0
201401071522 114 127.94660187 37.33755875 7620 7620 7620 4.0
201401071523 114 127.94660187 37.33755875 3465 7620 7620 4.0
201401071524 114 127.94660187 37.33755875 3456 3657 7620 3.0
201401071525 114 127.94660187 37.33755875 3355 7620 7620 3.0
201401071526 114 127.94660187 37.33755875 3438 7620 7620 3.0
201401071527 114 127.94660187 37.33755875 3291 7620 7620 3.0
201401071528 114 127.94660187 37.33755875 7620 7620 7620 3.0
201401071529 114 127.94660187 37.33755875 7620 7620 7620 2.0
201401071530 114 127.94660187 37.33755875 7620 7620 7620 2.0

201401071532 114 127.94660187 37.33755875 3401 7620 7620 2.0
201401071533 114 127.94660187 37.33755875 7620 7620 7620 2.0
201401071534 114 127.94660187 37.33755875 7620 7620 7620 1.0
201401071535 114 127.94660187 37.33755875 3127 7620 7620 1.0
201401071536 114 127.94660187 37.33755875 7620 7620 7620 1.0
201401071537 114 127.94660187 37.33755875 7620 7620 7620 1.0
201401071538 114 127.94660187 37.33755875 7620 7620 7620 1.0
201401071539 114 127.94660187 37.33755875 7620 7620 7620 1.0
201401071540 114 127.94660187 37.33755875 7620 7620 7620 1.0
201401071541 114 127.94660187 37.33755875 7620 7620 7620 1.0
201401071542 114 127.94660187 37.33755875 7620 7620 7620 1.0
201401071543 114 127.94660187 37.33755875 3730 7620 7620 1.0
201401071544 114 127.94660187 37.33755875 7620 7620 7620 2.0
201401071545 114 127.94660187 37.33755875 3584 7620 7620 2.0
201401071546 114 127.94660187 37.33755875 7620 7620 7620 2.0
201401071547 114 127.94660187 37.33755875 7620 7620 7620 2.0
201401071548 114 127.94660187 37.33755875 7620 7620 7620 2.0
201401071549 114 127.94660187 37.33755875 7620 7620 7620 1.0
201401071550 114 127.94660187 37.33755875 7620 7620 7620 1.0
201401071551 114 127.94660187 37.33755875 7620 7620 7620 1.0
201401071552 114 127.94660187 37.33755875 7620 7620 7620 1.0
201401071553 114 127.94660187 37.33755875 7620 7620 7620 1.0
201401071554 114 127.94660187 37.33755875 7620 7620 7620 2.0
201401071555 114 127.94660187 37.33755875 7620 7620 7620 2.0
201401071556 114 127.94660187 37.33755875 7620 7620 7620 2.0
201401071557 114 127.94660187 37.33755875 7620 7620 7620 2.0
201401071558 114 127.94660187 37.33755875 7620 7620 7620 2.0
201401071559 114 127.94660187 37.33755875 7620 7620 7620 1.0
201401071600 114 127.94660187 37.33755875 7620 7620 7620 1.0
201401071601 114 127.94660187 37.33755875 7620 7620 7620 1.0
201401071602 114 127.94660187 37.33755875 7620 7620 7620 1.0
201401071603 114 127.94660187 37.33755875 7620 7620 7620 1.0
201401071604 114 127.94660187 37.33755875 7620 7620 7620 1.0
201401071605 114 127.94660187 37.33755875 7620 7620 7620 1.0
201401071606 114 127.94660187 37.33755875 7620 7620 7620 1.0
201401071607 114 127.94660187 37.33755875 7620 7620 7620 1.0
201401071608 114 127.94660187 37.33755875 7620 7620 7620 1.0
201401071609 114 127.94660187 37.33755875 7620 7620 7620 1.0
201401071610 114 127.94660187 37.33755875 7620 7620 7620 1.0
201401071611 114 127.94660187 37.33755875 7620 7620 7620 1.0
201401071612 114 127.94660187 37.33755875 7620 7620 7620 1.0
201401071613 114 127.94660187 37.33755875 7620 7620 7620 1.0
201401071614 114 127.94660187 37.33755875 7620 7620 7620 0.0
201401071615 114 127.94660187 37.33755875 7620 7620 7620 0.0
201401071616 114 127.94660187 37.33755875 7620 7620 7620 0.0
201401071617 114 127.94660187 37.33755875 7620 7620 7620 0.0
201401071618 114 127.94660187 37.33755875 7620 7620 7620 0.0
201401071619 114 127.94660187 37.33755875 7620 7620 7620 0.0
201401071620 114 127.94660187 37.33755875 7620 7620 7620 0.0
201401071621 114 127.94660187 37.33755875 7620 7620 7620 0.0
201401071622 114 127.94660187 37.33755875 7620 7620 7620 0.0
201401071623 114 127.94660187 37.33755875 7620 7620 7620 0.0
201401071624 114 127.94660187 37.33755875 7620 7620 7620 0.0
201401071625 114 127.94660187 37.33755875 7620 7620 7620 0.0
201401071626 114 127.94660187 37.33755875 7620 7620 7620 0.0
201401071627 114 127.94660187 37.33755875 7620 7620 7620 0.0
201401071628 114 127.94660187 37.33755875 7620 7620 7620 0.0
201401071629 114 127.94660187 37.33755875 7620 7620 7620 0.0
201401071630 114 127.94660187 37.33755875 7620 7620 7620 0.0
201401071631 114 127.94660187 37.33755875 7620 7620 7620 0.0
201401071632 114 127.94660187 37.33755875 7620 7620 7620 0.0
201401071633 114 127.94660187 37.33755875 7620 7620 7620 0.0
201401071634 114 127.94660187 37.33755875 7620 7620 7620 0.0
201401071635 114 127.94660187 37.33755875 7620 7620 7620 0.0
201401071636 114 127.94660187 37.33755875 7620 7620 7620 0.0
201401071637 114 127.94660187 37.33755875 7620 7620 7620 0.0
201401071638 114 127.94660187 37.33755875 7620 7620 7620 0.0
201401071639 114 127.94660187 37.33755875 7620 7620 7620 0.0
201401071640 114 127.94660187 37.33755875 7620 7620 7620 0.0
201401071641 114 127.94660187 37.33755875 7620 7620 7620 0.0
201401071642 114 127.94660187 37.33755875 7620 7620 7620 0.0
201401071643 114 127.94660187 37.33755875 7620 7620 7620 0.0
201401071644 114 127.94660187 37.33755875 7620 7620 7620 0.0
201401071645 114 127.94660187 37.33755875 7620 7620 7620 0.0
201401071646 114 127.94660187 37.33755875 7620 7620 7620 0.0
201401071647 114 127.94660187 37.33755875 7620 7620 7620 0.0
201401071648 114 127.94660187 37.33755875 3392 7620 7620 0.0
201401071649 114 127.94660187 37.33755875 7620 7620 7620 1.0
201401071650 114 127.94660187 37.33755875 7620 7620 7620 1.0
201401071651 114 127.94660187 37.33755875 3291 7620 7620 1.0
201401071652 114 127.94660187 37.33755875 3438 7620 7620 1.0
201401071653 114 127.94660187 37.33755875 7620 7620 7620 1.0
201401071654 114 127.94660187 37.33755875 3401 7620 7620 1.0
201401071655 114 127.94660187 37.33755875 3511 7620 7620 1.0
201401071656 114 127.94660187 37.33755875 3438 7620 7620 1.0
201401071657 114 127.94660187 37.33755875 3401 7620 7620 1.0
201401071658 114 127.94660187 37.33755875 3474 7620 7620 1.0
201401071659 114 127.94660187 37.33755875 3346 3547 7620 3.0
201401071700 114 127.94660187 37.33755875 3419 7620 7620 3.0
201401071701 114 127.94660187 37.33755875 3364 7620 7620 3.0
201401071702 114 127.94660187 37.33755875 3209 3438 7620 3.0
201401071703 114 127.94660187 37.33755875 3456 7620 7620 3.0
201401071704 114 127.94660187 37.33755875 7620 7620 7620 4.0
201401071705 114 127.94660187 37.33755875 3438 7620 7620 4.0
201401071706 114 127.94660187 37.33755875 7620 7620 7620 4.0
201401071707 114 127.94660187 37.33755875 3429 7620 7620 4.0
201401071708 114 127.94660187 37.33755875 3364 7620 7620 4.0
201401071709 114 127.94660187 37.33755875 3355 7620 7620 5.0
201401071710 114 127.94660187 37.33755875 3346 7620 7620 5.0
201401071711 114 127.94660187 37.33755875 3310 7620 7620 5.0
201401071712 114 127.94660187 37.33755875 3227 7620 7620 5.0
201401071713 114 127.94660187 37.33755875 3200 7620 7620 5.0
201401071714 114 127.94660187 37.33755875 3191 3392 7620 6.0
201401071715 114 127.94660187 37.33755875 3191 7620 7620 6.0
201401071716 114 127.94660187 37.33755875 3282 7620 7620 6.0
201401071717 114 127.94660187 37.33755875 3081 7620 7620 6.0
201401071718 114 127.94660187 37.33755875 3291 7620 7620 6.0
201401071719 114 127.94660187 37.33755875 3255 7620 7620 7.0
201401071720 114 127.94660187 37.33755875 3264 7620 7620 7.0
201401071721 114 127.94660187 37.33755875 3328 7620 7620 7.0
201401071722 114 127.94660187 37.33755875 3337 7620 7620 7.0
201401071723 114 127.94660187 37.33755875 3282 7620 7620 7.0
201401071724 114 127.94660187 37.33755875 3337 7620 7620 7.0
201401071725 114 127.94660187 37.33755875 3227 7620 7620 7.0
201401071726 114 127.94660187 37.33755875 3246 7620 7620 7.0
201401071727 114 127.94660187 37.33755875 3154 7620 7620 7.0
201401071728 114 127.94660187 37.33755875 3191 7620 7620 7.0
201401071729 114 127.94660187 37.33755875 7620 7620 7620 7.0
201401071730 114 127.94660187 37.33755875 7620 7620 7620 7.0
201401071731 114 127.94660187 37.33755875 7620 7620 7620 7.0
201401071732 114 127.94660187 37.33755875 7620 7620 7620 7.0
201401071733 114 127.94660187 37.33755875 7620 7620 7620 7.0
201401071734 114 127.94660187 37.33755875 7620 7620 7620 6.0
201401071735 114 127.94660187 37.33755875 7620 7620 7620 6.0
201401071736 114 127.94660187 37.33755875 7620 7620 7620 6.0
201401071737 114 127.94660187 37.33755875 7620 7620 7620 6.0
201401071738 114 127.94660187 37.33755875 7620 7620 7620 6.0
201401071739 114 127.94660187 37.33755875 7620 7620 7620 4.0
201401071740 114 127.94660187 37.33755875 7620 7620 7620 4.0
201401071741 114 127.94660187 37.33755875 7620 7620 7620 4.0
201401071742 114 127.94660187 37.33755875 7620 7620 7620 4.0
201401071743 114 127.94660187 37.33755875 7620 7620 7620 4.0
201401071744 114 127.94660187 37.33755875 7620 7620 7620 3.0
201401071745 114 127.94660187 37.33755875 7620 7620 7620 3.0
201401071746 114 127.94660187 37.33755875 7620 7620 7620 3.0
201401071747 114 127.94660187 37.33755875 7620 7620 7620 3.0
201401071748 114 127.94660187 37.33755875 7620 7620 7620 3.0
201401071749 114 127.94660187 37.33755875 7620 7620 7620 2.0
201401071750 114 127.94660187 37.33755875 7620 7620 7620 2.0
201401071751 114 127.94660187 37.33755875 7620 7620 7620 2.0
201401071752 114 127.94660187 37.33755875 7620 7620 7620 2.0
201401071753 114 127.94660187 37.33755875 7620 7620 7620 2.0
201401071754 114 127.94660187 37.33755875 7620 7620 7620 1.0
201401071755 114 127.94660187 37.33755875 7620 7620 7620 1.0
201401071756 114 127.94660187 37.33755875 7620 7620 7620 1.0
201401071757 114 127.94660187 37.33755875 7620 7620 7620 1.0
201401071758 114 127.94660187 37.33755875 7620 7620 7620 1.0
201401071759 114 127.94660187 37.33755875 7620 7620 7620 0.0
201401071800 114 127.94660187 37.33755875 7620 7620 7620 0.0
201401071801 114 127.94660187 37.33755875 7620 7620 7620 0.0
201401071802 114 127.94660187 37.33755875 7620 7620 7620 0.0
201401071803 114 127.94660187 37.33755875 7620 7620 7620 0.0
201401071804 114 127.94660187 37.33755875 7620 7620 7620 0.0
201401071805 114 127.94660187 37.33755875 7620 7620 7620 0.0
201401071806 114 127.94660187 37.33755875 7620 7620 7620 0.0
201401071807 114 127.94660187 37.33755875 7620 7620 7620 0.0
201401071808 114 127.94660187 37.33755875 7620 7620 7620 0.0
201401071809 114 127.94660187 37.33755875 7620 7620 7620 0.0
201401071810 114 127.94660187 37.33755875 7620 7620 7620 0.0
201401071811 114 127.94660187 37.33755875 7620 7620 7620 0.0
201401071812 114 127.94660187 37.33755875 7620 7620 7620 0.0
201401071813 114 127.94660187 37.33755875 7620 7620 7620 0.0
201401071814 114 127.94660187 37.33755875 7620 7620 7620 0.0
201401071815 114 127.94660187 37.33755875 7620 7620 7620 0.0
201401071816 114 127.94660187 37.33755875 7620 7620 7620 0.0
201401071817 114 127.94660187 37.33755875 7620 7620 7620 0.0
201401071818 114 127.94660187 37.33755875 7620 7620 7620 0.0
201401071819 114 127.94660187 37.33755875 7620 7620 7620 0.0
201401071820 114 127.94660187 37.33755875 7620 7620 7620 0.0
201401071821 114 127.94660187 37.33755875 7620 7620 7620 0.0
201401071822 114 127.94660187 37.33755875 7620 7620 7620 0.0
201401071823 114 127.94660187 37.33755875 7620 7620 7620 0.0
201401071824 114 127.94660187 37.33755875 7620 7620 7620 0.0
201401071825 114 127.94660187 37.33755875 7620 7620 7620 0.0
201401071826 114 127.94660187 37.33755875 7620 7620 7620 0.0
201401071827 114 127.94660187 37.33755875 7620 7620 7620 0.0
201401071828 114 127.94660187 37.33755875 7620 7620 7620 0.0
201401071829 114 127.94660187 37.33755875 7620 7620 7620 0.0
201401071830 114 127.94660187 37.33755875 7620 7620 7620 0.0
201401071831 114 127.94660187 37.33755875 7620 7620 7620 0.0
201401071832 114 127.94660187 37.33755875 7620 7620 7620 0.0
201401071833 114 127.94660187 37.33755875 7620 7620 7620 0.0
201401071834 114 127.94660187 37.33755875 7620 7620 7620 0.0
201401071835 114 127.94660187 37.33755875 7620 7620 7620 0.0
201401071836 114 127.94660187 37.33755875 7620 7620 7620 0.0
201401071837 114 127.94660187 37.33755875 7620 7620 7620 0.0
201401071838 114 127.94660187 37.33755875 7620 7620 7620 0.0
201401071839 114 127.94660187 37.33755875 7620 7620 7620 0.0
201401071840 114 127.94660187 37.33755875 7620 7620 7620 0.0
201401071841 114 127.94660187 37.33755875 7620 7620 7620 0.0
201401071842 114 127.94660187 37.33755875 7620 7620 7620 0.0
201401071843 114 127.94660187 37.33755875 7620 7620 7620 0.0
201401071844 114 127.94660187 37.33755875 7620 7620 7620 0.0
201401071845 114 127.94660187 37.33755875 7620 7620 7620 0.0
201401071846 114 127.94660187 37.33755875 7620 7620 7620 0.0
201401071847 114 127.94660187 37.33755875 7620 7620 7620 0.0
201401071848 114 127.94660187 37.33755875 7620 7620 7620 0.0
201401071849 114 127.94660187 37.33755875 7620 7620 7620 0.0
201401071850 114 127.94660187 37.33755875 7620 7620 7620 0.0
201401071851 114 127.94660187 37.33755875 3877 7620 7620 0.0
201401071852 114 127.94660187 37.33755875 7620 7620 7620 0.0
201401071853 114 127.94660187 37.33755875 3630 7620 7620 0.0
201401071854 114 127.94660187 37.33755875 3611 7620 7620 1.0
201401071855 114 127.94660187 37.33755875 7620 7620 7620 1.0
201401071856 114 127.94660187 37.33755875 7620 7620 7620 1.0
201401071857 114 127.94660187 37.33755875 3685 7620 7620 1.0
201401071858 114 127.94660187 37.33755875 3685 7620 7620 1.0
201401071859 114 127.94660187 37.33755875 3675 7620 7620 1.0
201401071900 114 127.94660187 37.33755875 3685 7620 7620 1.0
201401071901 114 127.94660187 37.33755875 3639 7620 7620 1.0
201401071902 114 127.94660187 37.33755875 3639 7620 7620 1.0
201401071903 114 127.94660187 37.33755875 3639 7620 7620 1.0
201401071904 114 127.94660187 37.33755875 3666 7620 7620 3.0
201401071905 114 127.94660187 37.33755875 3675 7620 7620 3.0
201401071906 114 127.94660187 37.33755875 3602 7620 7620 3.0
201401071907 114 127.94660187 37.33755875 3575 7620 7620 3.0
201401071908 114 127.94660187 37.33755875 3767 7620 7620 3.0
201401071909 114 127.94660187 37.33755875 3465 7620 7620 5.0
201401071910 114 127.94660187 37.33755875 3538 3739 7620 5.0
201401071911 114 127.94660187 37.33755875 3575 7620 7620 5.0
201401071912 114 127.94660187 37.33755875 3557 7620 7620 5.0
201401071913 114 127.94660187 37.33755875 3438 7620 7620 5.0
201401071914 114 127.94660187 37.33755875 3758 7620 7620 6.0
201401071915 114 127.94660187 37.33755875 3721 7620 7620 6.0
201401071916 114 127.94660187 37.33755875 3657 7620 7620 6.0
201401071917 114 127.94660187 37.33755875 3566 7620 7620 6.0
201401071918 114 127.94660187 37.33755875 3465 7620 7620 6.0
201401071919 114 127.94660187 37.33755875 3447 7620 7620 7.0
201401071920 114 127.94660187 37.33755875 3438 7620 7620 7.0
201401071921 114 127.94660187 37.33755875 3502 7620 7620 7.0
201401071922 114 127.94660187 37.33755875 3502 7620 7620 7.0
201401071923 114 127.94660187 37.33755875 3493 7620 7620 7.0
201401071924 114 127.94660187 37.33755875 3346 7620 7620 7.0
201401071925 114 127.94660187 37.33755875 3328 7620 7620 7.0
201401071926 114 127.94660187 37.33755875 3520 7620 7620 7.0
201401071927 114 127.94660187 37.33755875 3566 7620 7620 7.0
201401071928 114 127.94660187 37.33755875 3557 7620 7620 7.0
201401071929 114 127.94660187 37.33755875 3502 7620 7620 8.0
201401071930 114 127.94660187 37.33755875 3474 7620 7620 8.0
201401071931 114 127.94660187 37.33755875 3410 7620 7620 8.0
201401071932 114 127.94660187 37.33755875 3401 7620 7620 8.0
201401071933 114 127.94660187 37.33755875 3310 7620 7620 8.0
201401071934 114 127.94660187 37.33755875 3300 7620 7620 8.0
201401071935 114 127.94660187 37.33755875 3337 7620 7620 8.0
201401071936 114 127.94660187 37.33755875 3621 7620 7620 8.0
201401071937 114 127.94660187 37.33755875 3465 7620 7620 8.0
201401071938 114 127.94660187 37.33755875 3575 7620 7620 8.0
201401071939 114 127.94660187 37.33755875 3529 7620 7620 8.0
201401071940 114 127.94660187 37.33755875 3685 7620 7620 8.0
201401071941 114 127.94660187 37.33755875 3666 7620 7620 8.0
201401071942 114 127.94660187 37.33755875 3685 7620 7620 8.0
201401071943 114 127.94660187 37.33755875 3685 7620 7620 8.0
201401071944 114 127.94660187 37.33755875 1106 7620 7620 8.0
201401071945 114 127.94660187 37.33755875 3666 7620 7620 8.0
201401071946 114 127.94660187 37.33755875 3666 7620 7620 8.0
201401071947 114 127.94660187 37.33755875 3648 7620 7620 8.0
201401071948 114 127.94660187 37.33755875 3584 7620 7620 8.0
201401071949 114 127.94660187 37.33755875 3566 7620 7620 1.0
201401071950 114 127.94660187 37.33755875 3602 7620 7620 1.0
201401071951 114 127.94660187 37.33755875 3611 7620 7620 1.0
201401071952 114 127.94660187 37.33755875 3557 7620 7620 1.0
201401071953 114 127.94660187 37.33755875 3575 7620 7620 1.0
201401071954 114 127.94660187 37.33755875 3584 7620 7620 1.0
201401071955 114 127.94660187 37.33755875 3584 7620 7620 1.0
201401071956 114 127.94660187 37.33755875 3438 7620 7620 1.0
201401071957 114 127.94660187 37.33755875 3547 7620 7620 1.0
201401071958 114 127.94660187 37.33755875 3355 7620 7620 1.0
201401071959 114 127.94660187 37.33755875 3355 7620 7620 7.0
201401072000 114 127.94660187 37.33755875 3364 7620 7620 7.0
201401072001 114 127.94660187 37.33755875 3355 3566 7620 7.0
201401072002 114 127.94660187 37.33755875 3438 7620 7620 7.0
201401072003 114 127.94660187 37.33755875 3419 7620 7620 7.0
201401072004 114 127.94660187 37.33755875 3575 7620 7620 7.0
201401072005 114 127.94660187 37.33755875 3566 7620 7620 7.0
201401072006 114 127.94660187 37.33755875 3575 7620 7620 7.0
201401072007 114 127.94660187 37.33755875 3575 7620 7620 7.0
201401072008 114 127.94660187 37.33755875 3566 7620 7620 7.0
201401072009 114 127.94660187 37.33755875 3584 7620 7620 7.0
201401072010 114 127.94660187 37.33755875 3557 7620 7620 7.0
201401072011 114 127.94660187 37.33755875 3557 7620 7620 7.0
201401072012 114 127.94660187 37.33755875 3584 7620 7620 7.0
201401072013 114 127.94660187 37.33755875 3529 7620 7620 7.0

201401072015 114 127.94660187 37.33755875 3538 7620 7620 7.0
201401072016 114 127.94660187 37.33755875 3529 7620 7620 7.0
201401072017 114 127.94660187 37.33755875 3547 7620 7620 7.0
201401072018 114 127.94660187 37.33755875 3538 7620 7620 7.0
201401072019 114 127.94660187 37.33755875 3538 7620 7620 8.0
201401072020 114 127.94660187 37.33755875 3520 7620 7620 8.0
201401072021 114 127.94660187 37.33755875 3547 7620 7620 8.0
201401072022 114 127.94660187 37.33755875 3557 7620 7620 8.0
201401072023 114 127.94660187 37.33755875 3456 7620 7620 8.0
201401072024 114 127.94660187 37.33755875 3328 3557 7620 8.0
201401072025 114 127.94660187 37.33755875 3538 7620 7620 8.0
201401072026 114 127.94660187 37.33755875 3328 7620 7620 8.0
201401072027 114 127.94660187 37.33755875 3291 3547 7620 8.0
201401072028 114 127.94660187 37.33755875 3520 7620 7620 8.0
201401072029 114 127.94660187 37.33755875 3090 7620 7620 8.0
201401072030 114 127.94660187 37.33755875 3044 3456 7620 8.0
201401072031 114 127.94660187 37.33755875 3447 7620 7620 8.0
201401072032 114 127.94660187 37.33755875 3493 7620 7620 8.0
201401072033 114 127.94660187 37.33755875 3474 7620 7620 8.0
201401072034 114 127.94660187 37.33755875 3246 7620 7620 8.0
201401072035 114 127.94660187 37.33755875 3182 3465 7620 8.0
201401072036 114 127.94660187 37.33755875 3209 3447 7620 8.0
201401072037 114 127.94660187 37.33755875 3300 7620 7620 8.0
201401072038 114 127.94660187 37.33755875 3246 7620 7620 8.0
201401072039 114 127.94660187 37.33755875 3246 3465 7620 8.0
201401072040 114 127.94660187 37.33755875 3236 3520 7620 8.0
201401072041 114 127.94660187 37.33755875 3502 7620 7620 8.0
201401072042 114 127.94660187 37.33755875 3108 3493 7620 8.0
201401072043 114 127.94660187 37.33755875 2944 3447 7620 8.0
201401072044 114 127.94660187 37.33755875 3392 7620 7620 8.0
201401072045 114 127.94660187 37.33755875 3392 7620 7620 8.0
201401072046 114 127.94660187 37.33755875 3383 7620 7620 8.0
201401072047 114 127.94660187 37.33755875 3310 7620 7620 8.0
201401072048 114 127.94660187 37.33755875 3172 7620 7620 8.0
201401072049 114 127.94660187 37.33755875 3072 3529 7620 8.0
201401072050 114 127.94660187 37.33755875 3044 3584 7620 8.0
201401072051 114 127.94660187 37.33755875 3557 7620 7620 8.0
201401072052 114 127.94660187 37.33755875 2999 3566 7620 8.0
201401072053 114 127.94660187 37.33755875 3557 7620 7620 8.0
201401072054 114 127.94660187 37.33755875 3529 7620 7620 8.0
201401072055 114 127.94660187 37.33755875 3410 7620 7620 8.0
201401072056 114 127.94660187 37.33755875 3429 7620 7620 8.0
201401072057 114 127.94660187 37.33755875 3419 7620 7620 8.0
201401072058 114 127.94660187 37.33755875 3291 3493 7620 8.0
201401072059 114 127.94660187 37.33755875 3392 7620 7620 8.0
201401072100 114 127.94660187 37.33755875 3456 7620 7620 8.0
201401072101 114 127.94660187 37.33755875 3511 7620 7620 8.0
201401072102 114 127.94660187 37.33755875 3218 7620 7620 8.0
201401072103 114 127.94660187 37.33755875 3429 7620 7620 8.0
201401072104 114 127.94660187 37.33755875 3493 7620 7620 8.0
201401072105 114 127.94660187 37.33755875 3447 7620 7620 8.0
201401072106 114 127.94660187 37.33755875 3319 7620 7620 8.0
201401072107 114 127.94660187 37.33755875 3429 7620 7620 8.0
201401072108 114 127.94660187 37.33755875 3364 7620 7620 8.0
201401072109 114 127.94660187 37.33755875 3364 7620 7620 8.0
201401072110 114 127.94660187 37.33755875 3364 7620 7620 8.0
201401072111 114 127.94660187 37.33755875 3346 7620 7620 8.0
201401072112 114 127.94660187 37.33755875 3246 7620 7620 8.0
201401072113 114 127.94660187 37.33755875 3209 7620 7620 8.0
201401072114 114 127.94660187 37.33755875 3264 7620 7620 8.0
201401072115 114 127.94660187 37.33755875 3300 7620 7620 8.0
201401072116 114 127.94660187 37.33755875 3172 7620 7620 8.0
201401072117 114 127.94660187 37.33755875 3127 7620 7620 8.0
201401072118 114 127.94660187 37.33755875 3108 7620 7620 8.0
201401072119 114 127.94660187 37.33755875 3172 7620 7620 8.0
201401072120 114 127.94660187 37.33755875 3081 7620 7620 8.0
201401072121 114 127.94660187 37.33755875 3145 7620 7620 8.0
201401072122 114 127.94660187 37.33755875 3154 7620 7620 8.0
201401072123 114 127.94660187 37.33755875 3145 7620 7620 8.0
201401072124 114 127.94660187 37.33755875 3145 7620 7620 8.0
201401072125 114 127.94660187 37.33755875 3145 7620 7620 8.0
201401072126 114 127.94660187 37.33755875 3145 7620 7620 8.0
201401072127 114 127.94660187 37.33755875 3136 7620 7620 8.0
201401072128 114 127.94660187 37.33755875 3145 7620 7620 8.0
201401072129 114 127.94660187 37.33755875 3118 7620 7620 8.0
201401072130 114 127.94660187 37.33755875 3136 7620 7620 8.0
201401072131 114 127.94660187 37.33755875 3136 7620 7620 8.0
201401072132 114 127.94660187 37.33755875 3154 7620 7620 8.0
201401072133 114 127.94660187 37.33755875 3127 7620 7620 8.0
201401072134 114 127.94660187 37.33755875 3108 7620 7620 8.0
201401072135 114 127.94660187 37.33755875 3099 7620 7620 8.0
201401072136 114 127.94660187 37.33755875 3072 7620 7620 8.0
201401072137 114 127.94660187 37.33755875 3081 7620 7620 8.0
201401072138 114 127.94660187 37.33755875 3063 7620 7620 8.0
201401072139 114 127.94660187 37.33755875 1088 7620 7620 1.0
201401072140 114 127.94660187 37.33755875 1088 7620 7620 1.0
201401072141 114 127.94660187 37.33755875 1078 7620 7620 1.0
201401072142 114 127.94660187 37.33755875 1088 7620 7620 1.0
201401072143 114 127.94660187 37.33755875 1097 7620 7620 1.0
201401072144 114 127.94660187 37.33755875 1097 7620 7620 2.0
201401072145 114 127.94660187 37.33755875 1088 7620 7620 2.0
201401072146 114 127.94660187 37.33755875 1078 7620 7620 2.0
201401072147 114 127.94660187 37.33755875 1069 7620 7620 2.0
201401072148 114 127.94660187 37.33755875 1060 7620 7620 2.0
201401072149 114 127.94660187 37.33755875 1069 7620 7620 4.0
201401072150 114 127.94660187 37.33755875 1060 7620 7620 4.0
201401072151 114 127.94660187 37.33755875 1042 7620 7620 4.0
201401072152 114 127.94660187 37.33755875 1042 7620 7620 4.0
201401072153 114 127.94660187 37.33755875 1042 7620 7620 4.0
201401072154 114 127.94660187 37.33755875 1042 7620 7620 5.0
201401072155 114 127.94660187 37.33755875 1033 7620 7620 5.0
201401072156 114 127.94660187 37.33755875 1024 7620 7620 5.0
201401072157 114 127.94660187 37.33755875 1005 7620 7620 5.0
201401072158 114 127.94660187 37.33755875 950 7620 7620 5.0
201401072159 114 127.94660187 37.33755875 941 7620 7620 6.0
201401072200 114 127.94660187 37.33755875 941 7620 7620 6.0
201401072201 114 127.94660187 37.33755875 941 7620 7620 6.0
201401072202 114 127.94660187 37.33755875 941 7620 7620 6.0
201401072203 114 127.94660187 37.33755875 941 7620 7620 6.0
201401072204 114 127.94660187 37.33755875 941 7620 7620 7.0
201401072205 114 127.94660187 37.33755875 941 7620 7620 7.0
201401072206 114 127.94660187 37.33755875 941 7620 7620 7.0
201401072207 114 127.94660187 37.33755875 941 7620 7620 7.0
201401072208 114 127.94660187 37.33755875 941 7620 7620 7.0
201401072209 114 127.94660187 37.33755875 941 7620 7620 7.0
201401072210 114 127.94660187 37.33755875 941 7620 7620 7.0
201401072211 114 127.94660187 37.33755875 950 7620 7620 7.0
201401072212 114 127.94660187 37.33755875 950 7620 7620 7.0
201401072213 114 127.94660187 37.33755875 941 7620 7620 7.0
201401072214 114 127.94660187 37.33755875 941 7620 7620 7.0
201401072215 114 127.94660187 37.33755875 941 7620 7620 7.0
201401072216 114 127.94660187 37.33755875 941 7620 7620 7.0
201401072217 114 127.94660187 37.33755875 941 7620 7620 7.0
201401072218 114 127.94660187 37.33755875 941 7620 7620 7.0
201401072219 114 127.94660187 37.33755875 932 7620 7620 7.0
201401072220 114 127.94660187 37.33755875 932 7620 7620 7.0
201401072221 114 127.94660187 37.33755875 932 7620 7620 7.0
201401072222 114 127.94660187 37.33755875 932 7620 7620 7.0
201401072223 114 127.94660187 37.33755875 941 7620 7620 7.0
201401072224 114 127.94660187 37.33755875 932 7620 7620 8.0
201401072225 114 127.94660187 37.33755875 932 7620 7620 8.0
201401072226 114 127.94660187 37.33755875 932 7620 7620 8.0
201401072227 114 127.94660187 37.33755875 932 7620 7620 8.0
201401072228 114 127.94660187 37.33755875 932 7620 7620 8.0
201401072229 114 127.94660187 37.33755875 950 7620 7620 8.0
201401072230 114 127.94660187 37.33755875 941 7620 7620 8.0
201401072231 114 127.94660187 37.33755875 941 7620 7620 8.0
201401072232 114 127.94660187 37.33755875 932 7620 7620 8.0
201401072233 114 127.94660187 37.33755875 932 7620 7620 8.0
201401072234 114 127.94660187 37.33755875 941 7620 7620 8.0
201401072235 114 127.94660187 37.33755875 932 7620 7620 8.0
201401072236 114 127.94660187 37.33755875 932 7620 7620 8.0
201401072237 114 127.94660187 37.33755875 932 7620 7620 8.0
201401072238 114 127.94660187 37.33755875 932 7620 7620 8.0
201401072239 114 127.94660187 37.33755875 932 7620 7620 8.0
201401072240 114 127.94660187 37.33755875 932 7620 7620 8.0
201401072241 114 127.94660187 37.33755875 932 7620 7620 8.0
201401072242 114 127.94660187 37.33755875 932 7620 7620 8.0
201401072243 114 127.94660187 37.33755875 923 7620 7620 8.0
201401072244 114 127.94660187 37.33755875 923 7620 7620 8.0
201401072245 114 127.94660187 37.33755875 932 7620 7620 8.0
201401072246 114 127.94660187 37.33755875 932 7620 7620 8.0
201401072247 114 127.94660187 37.33755875 932 7620 7620 8.0
201401072248 114 127.94660187 37.33755875 923 7620 7620 8.0
201401072249 114 127.94660187 37.33755875 923 7620 7620 8.0
201401072250 114 127.94660187 37.33755875 923 7620 7620 8.0
201401072251 114 127.94660187 37.33755875 905 7620 7620 8.0
201401072252 114 127.94660187 37.33755875 905 7620 7620 8.0
201401072253 114 127.94660187 37.33755875 905 7620 7620 8.0
201401072254 114 127.94660187 37.33755875 923 7620 7620 8.0
201401072255 114 127.94660187 37.33755875 923 7620 7620 8.0
201401072256 114 127.94660187 37.33755875 905 7620 7620 8.0
201401072257 114 127.94660187 37.33755875 905 7620 7620 8.0
201401072258 114 127.94660187 37.33755875 905 7620 7620 8.0
201401072259 114 127.94660187 37.33755875 905 7620 7620 8.0
201401072300 114 127.94660187 37.33755875 905 7620 7620 8.0
201401072301 114 127.94660187 37.33755875 905 7620 7620 8.0
201401072302 114 127.94660187 37.33755875 905 7620 7620 8.0
201401072303 114 127.94660187 37.33755875 923 7620 7620 8.0
201401072304 114 127.94660187 37.33755875 923 7620 7620 8.0
201401072305 114 127.94660187 37.33755875 923 7620 7620 8.0
201401072306 114 127.94660187 37.33755875 1024 7620 7620 8.0
201401072307 114 127.94660187 37.33755875 987 7620 7620 8.0
201401072308 114 127.94660187 37.33755875 960 7620 7620 8.0
201401072309 114 127.94660187 37.33755875 996 7620 7620 8.0
201401072310 114 127.94660187 37.33755875 987 7620 7620 8.0
201401072311 114 127.94660187 37.33755875 978 7620 7620 8.0
201401072312 114 127.94660187 37.33755875 960 7620 7620 8.0
201401072313 114 127.94660187 37.33755875 987 7620 7620 8.0
201401072314 114 127.94660187 37.33755875 923 7620 7620 8.0
201401072315 114 127.94660187 37.33755875 905 7620 7620 8.0
201401072316 114 127.94660187 37.33755875 923 7620 7620 8.0
201401072317 114 127.94660187 37.33755875 941 7620 7620 8.0
201401072318 114 127.94660187 37.33755875 978 7620 7620 8.0
201401072319 114 127.94660187 37.33755875 969 7620 7620 8.0
201401072320 114 127.94660187 37.33755875 932 7620 7620 8.0
201401072321 114 127.94660187 37.33755875 905 7620 7620 8.0
201401072322 114 127.94660187 37.33755875 905 7620 7620 8.0
201401072323 114 127.94660187 37.33755875 905 7620 7620 8.0
201401072324 114 127.94660187 37.33755875 905 7620 7620 8.0
201401072325 114 127.94660187 37.33755875 905 7620 7620 8.0
201401072326 114 127.94660187 37.33755875 905 7620 7620 8.0
201401072327 114 127.94660187 37.33755875 905 7620 7620 8.0
201401072328 114 127.94660187 37.33755875 905 7620 7620 8.0
201401072329 114 127.94660187 37.33755875 905 7620 7620 8.0
201401072330 114 127.94660187 37.33755875 969 7620 7620 8.0
201401072331 114 127.94660187 37.33755875 923 7620 7620 8.0
201401072332 114 127.94660187 37.33755875 905 7620 7620 8.0
201401072333 114 127.94660187 37.33755875 905 7620 7620 8.0
201401072334 114 127.94660187 37.33755875 905 7620 7620 8.0
201401072335 114 127.94660187 37.33755875 905 7620 7620 8.0
201401072336 114 127.94660187 37.33755875 905 7620 7620 8.0
201401072337 114 127.94660187 37.33755875 905 7620 7620 8.0
201401072338 114 127.94660187 37.33755875 905 7620 7620 8.0
201401072339 114 127.94660187 37.33755875 905 7620 7620 8.0
201401072340 114 127.94660187 37.33755875 896 7620 7620 8.0
201401072341 114 127.94660187 37.33755875 896 7620 7620 8.0
201401072342 114 127.94660187 37.33755875 896 7620 7620 8.0
201401072343 114 127.94660187 37.33755875 896 7620 7620 8.0
201401072344 114 127.94660187 37.33755875 886 7620 7620 8.0
201401072345 114 127.94660187 37.33755875 896 7620 7620 8.0
201401072346 114 127.94660187 37.33755875 905 7620 7620 8.0
201401072347 114 127.94660187 37.33755875 896 7620 7620 8.0
201401072348 114 127.94660187 37.33755875 896 7620 7620 8.0
201401072349 114 127.94660187 37.33755875 896 7620 7620 8.0
201401072350 114 127.94660187 37.33755875 896 7620 7620 8.0
201401072351 114 127.94660187 37.33755875 896 7620 7620 8.0
201401072352 114 127.94660187 37.33755875 896 7620 7620 8.0
201401072353 114 127.94660187 37.33755875 896 7620 7620 8.0
201401072354 114 127.94660187 37.33755875 896 7620 7620 8.0
201401072355 114 127.94660187 37.33755875 905 7620 7620 8.0
201401072356 114 127.94660187 37.33755875 905 7620 7620 8.0
201401072357 114 127.94660187 37.33755875 905 7620 7620 8.0
201401072358 114 127.94660187 37.33755875 905 7620 7620 8.0
201401072359 114 127.94660187 37.33755875 923 7620 7620 8.0
